0	1	608.9
1	2	388847597.8646
2	4	0.8071200000000001
2	6	0.11900000000000001
3	5	0.83879
3	6	0.178
3	8	0.00875
4	6	43724866425562.0
4	7	13.77
4	8	0.02146
4	10	0.0046500000000000005
5	7	0.02022
5	8	0.01716
5	9	0.01234
5	10	0.01018
5	12	0.005070000000000001
5	14	0.00292
6	8	179432681236.0
6	9	2.451
6	10	0.75
6	11	0.193
6	12	0.092
6	13	0.0463
6	14	0.016
6	16	0.0060999999999999995
7	9	7.13
7	10	4.171
7	11	0.619
7	12	0.336
7	13	0.136
7	14	0.0853
7	15	0.0209
7	16	0.0141
8	11	26.47
8	12	13.51
8	13	3.42
8	14	2.19
8	15	0.096
8	16	0.07200000000000001
9	11	11.0064
9	12	4.158
9	13	4.23
9	14	2.23
9	15	0.384
9	16	0.081
9	17	0.0086
9	18	0.0053
9	20	0.0033
10	13	37.148
10	14	202.79999999999998
10	15	0.602
10	16	0.196
10	17	0.0309
10	18	0.0187
10	19	0.014
10	20	0.0073
10	21	0.0034
10	22	0.0045000000000000005
10	24	0.00373
11	13	53848.08
11	14	58.9
11	15	1.07128
11	16	0.301
11	17	0.0346
11	18	0.0432
11	19	0.0448
11	20	0.017
11	21	0.0132
11	22	0.008199999999999999
11	23	0.0055
11	24	0.0024
11	26	0.00181
11	28	0.00132
12	15	566.1
12	16	75294.0
12	17	1.31
12	18	0.314
12	19	0.27
12	20	0.08040000000000001
12	21	0.0902
12	22	0.0449
12	23	0.011300000000000001
12	24	0.007200000000000001
12	25	0.0064
12	26	0.0031000000000000003
12	28	0.00485
13	15	134.898
13	16	393.59999999999997
13	17	3.61
13	18	0.644
13	19	0.0317
13	20	0.0415
13	21	0.05373
13	22	0.0384
13	23	0.09
13	24	0.0114
13	25	0.009000000000000001
13	26	0.00723
13	27	0.0057
13	28	0.0035
14	17	9434.400000000001
14	18	5153246015.8
14	19	6.17
14	20	2.77
14	21	0.78
14	22	0.503
14	23	0.14100000000000001
14	24	0.063
14	25	0.038700000000000005
14	26	0.0303
14	27	0.02
14	28	0.015
14	29	0.013000000000000001
14	30	0.0106
14	32	0.00434
15	17	1232668.8
15	18	2190240.0
15	19	12.43
15	20	47.3
15	21	5.6
15	22	2.31
15	23	0.64
15	24	0.20400000000000001
15	25	0.15
15	26	0.101
15	27	0.0485
15	28	0.0365
15	29	0.0182
15	30	0.024
15	31	0.00655
15	32	0.00547
15	34	0.00218
16	19	7547039.999999999
16	21	303.0
16	22	10218.0
16	23	11.5
16	24	8.8
16	25	2.6
16	26	1.016
16	27	0.265
16	28	0.1245
16	29	0.068
16	30	0.05
16	31	0.0232
16	32	0.01393
16	33	0.004
16	34	0.0048
16	36	0.00276
17	19	9508101803800.0
17	21	2234.16
17	22	3372.0
17	23	79.80000000000001
17	24	38.4
17	25	6.8
17	26	3.13
17	27	0.542
17	28	0.41300000000000003
17	29	0.232
17	30	0.101
17	31	0.02556
17	32	0.02059
17	33	0.00554
17	34	0.00702
17	35	0.00423
17	36	0.00358
17	38	0.00226
17	40	0.00147
18	21	8457256168.0
18	23	6576.6
18	24	1038222865.4
18	25	322.2
18	26	712.1999999999999
18	27	21.48
18	28	8.4
18	29	1.23
18	30	0.41600000000000004
18	31	0.23600000000000002
18	32	0.105
18	33	0.00823
18	34	0.01591
18	36	0.00712
18	38	0.00372
18	40	0.00236
18	42	0.00169
19	21	3.9383043648e+16
19	23	44492.4
19	24	80208.0
19	25	1327.8
19	26	1067.3999999999999
19	27	96.31
19	28	17.38
19	29	6.8
19	30	1.26
19	31	0.47200000000000003
19	32	0.365
19	33	0.11
19	34	0.03
19	35	0.01
19	36	0.0092
19	37	0.00389
19	38	0.00561
19	40	0.00287
19	41	0.0023
19	42	0.00188
19	44	0.00128
19	46	0.00091
20	25	14049504.000000002
20	27	391910.39999999997
20	28	869523584.0
20	29	523.08
20	30	13.45
20	31	10.0
20	32	4.6
20	33	0.461
20	34	0.09
20	35	0.022
20	36	0.011
20	37	0.00701
20	38	0.00789
20	39	0.00483
20	40	0.00429
20	41	0.00378
20	42	0.0027
20	44	0.00203
20	46	0.00142
20	48	0.00111
21	25	7241011.2
21	26	289362.24
21	27	157356.0
21	28	3432.0
21	29	102.5
21	30	12.5
21	31	8.2
21	32	2.4
21	33	0.526
21	34	0.092
21	35	0.026000000000000002
21	36	0.02
21	37	0.012
21	38	0.00823
21	39	0.0053
21	40	0.00496
21	41	0.00416
21	42	0.00346
21	43	0.00293
21	44	0.00206
21	45	0.00169
21	46	0.00158
21	47	0.00139
21	48	0.0013
21	50	0.0009
22	29	345.36
22	30	102.0
22	31	32.7
22	32	1.6
22	33	1.3
22	34	0.199
22	35	0.094
22	36	0.055
22	37	0.0285
22	38	0.0222
22	39	0.015
22	40	0.01551
22	41	0.01233
22	42	0.00946
22	43	0.0079
22	44	0.00654
22	45	0.00481
22	46	0.00409
22	47	0.00342
22	48	0.00258
22	49	0.00267
22	50	0.00203
23	27	8.465430754241185e+24
23	29	224.57999999999998
23	30	92.22
23	31	49.8
23	32	6.54
23	33	0.218
23	34	0.34700000000000003
23	35	0.192
23	36	0.096
23	37	0.122
23	38	0.04820000000000001
23	39	0.033600000000000005
23	40	0.019600000000000003
23	41	0.015
23	42	0.00759
23	43	0.00579
23	44	0.00473
23	45	0.00401
23	46	0.0036
23	47	0.00322
23	48	0.00292
23	49	0.00245
23	50	0.00188
23	52	0.00157
24	31	209.88000000000002
24	32	356.40000000000003
24	33	21.1
24	34	7.0
24	35	1.05
24	36	0.49
24	37	0.243
24	38	0.20600000000000002
24	39	0.129
24	40	0.043000000000000003
24	41	0.028
24	42	0.024
24	43	0.02378
24	44	0.01764
24	45	0.01379
24	46	0.0116
24	47	0.00908
24	48	0.00859
24	49	0.00792
24	50	0.00593
24	52	0.00436
25	29	26965440.000000004
25	31	9283.68
25	32	85.4
25	33	3.0
25	34	4.59
25	35	0.28
25	36	0.709
25	37	0.092
25	38	0.277
25	39	0.09
25	40	0.0917
25	41	0.0639
25	42	0.047
25	43	0.0339
25	44	0.0221
25	45	0.019899999999999998
25	46	0.00744
25	47	0.00595
25	48	0.00586
25	49	0.00549
25	50	0.00444
25	51	0.00289
25	52	0.00342
25	54	0.00264
26	33	3844368.0
26	34	82347135701554.0
26	35	361.8
26	36	68.0
26	37	6.1
26	38	2.0
26	39	0.803
26	40	0.47200000000000003
26	41	0.398
26	42	0.186
26	43	0.162
26	44	0.0615
26	45	0.034
26	46	0.019
26	47	0.0129
26	48	0.008199999999999999
26	49	0.02974
26	50	0.02129
26	51	0.01234
26	52	0.01428
26	54	0.00954
26	56	0.00265
27	33	166336556.946
27	34	5940.0
27	35	90.6
27	36	26.9
27	37	0.3
27	38	1.16
27	39	0.2
27	40	0.329
27	41	0.222
27	42	0.21
27	43	0.114
27	44	0.08
27	45	0.0519
27	46	0.042
27	47	0.0313
27	48	0.0265
27	49	0.016
27	50	0.013000000000000001
27	51	0.0059
27	52	0.00814
27	53	0.00646
27	54	0.00611
27	56	0.00457
27	58	0.00217
28	35	3180938140.7999997
28	37	9063.0
28	38	196560.0
28	39	21.0
28	40	29.0
28	41	11.4
28	42	6.0
28	43	2.55
28	44	1.57
28	45	0.838
28	46	0.5077
28	47	0.3322
28	48	0.2347
28	49	0.1585
28	50	0.1222
28	51	0.043000000000000003
28	52	0.024
28	53	0.03894
28	54	0.02936
28	56	0.01557
28	58	0.0069
28	60	0.00221
28	62	0.00184
28	64	0.00145
29	35	45722.52
29	37	305.4
29	38	222516.0
29	39	30.8
29	40	174.0
29	41	44.5
29	42	19.4
29	43	6.63
29	44	4.2
29	45	1.606
29	46	1.224
29	47	0.637
29	48	0.4698
29	49	0.33130000000000004
29	50	0.241
29	51	0.1133
29	52	0.0732
29	53	0.033
29	54	0.02547
29	55	0.00714
29	56	0.00954
29	57	0.00418
29	58	0.00588
29	60	0.00267
29	61	0.00209
29	62	0.00214
29	64	0.00162
29	66	0.00121
30	39	3384.0
30	41	145.2
30	42	167400.0
30	43	24.5
30	44	96.0
30	45	10.2
30	46	5.3
30	47	2.09
30	48	1.47
30	49	0.746
30	50	0.5619
30	51	0.2994
30	52	0.1777
30	53	0.11900000000000001
30	54	0.0536
30	55	0.02211
30	56	0.01615
30	57	0.006
30	58	0.00833
30	59	0.00473
30	60	0.00584
30	61	0.00447
30	62	0.0046
30	64	0.0032
30	66	0.00215
30	68	0.00146
30	70	0.0012
31	39	1268.4
31	41	50490.0
31	42	17532.0
31	43	486.0
31	44	126.0
31	45	31.0
31	46	13.2
31	47	5.09
31	48	2.848
31	49	1.9
31	50	1.217
31	51	0.6
31	52	0.31
31	53	0.09759999999999999
31	54	0.09509999999999999
31	55	0.049
31	56	0.029
31	57	0.00804
31	58	0.0105
31	59	0.00856
31	60	0.00555
31	61	0.00409
31	62	0.00413
31	63	0.00355
31	64	0.00323
31	65	0.00337
31	66	0.00261
31	67	0.00228
31	68	0.00179
31	70	0.00145
31	72	0.00105
32	43	4966.8
32	45	40359.6
32	46	5220.0
32	47	18.97
32	48	29.5
32	49	6.4
32	50	4.48
32	51	1.85
32	52	0.9520000000000001
32	53	0.514
32	54	0.226
32	55	0.10300000000000001
32	56	0.061
32	57	0.01523
32	58	0.02031
32	59	0.01553
32	60	0.0161
32	61	0.00997
32	62	0.01045
32	63	0.00826
32	64	0.00586
32	65	0.00518
32	66	0.00377
32	67	0.00329
32	68	0.00249
32	70	0.00204
32	72	0.00147
32	74	0.00117
32	78	0.00074
33	41	1536192.0
33	43	94464.0
33	44	139644.0
33	45	5442.0
33	46	540.6
33	47	15.2
33	48	33.3
33	49	19.1
33	50	14.1
33	51	3.16
33	52	2.023
33	53	0.9440000000000001
33	54	0.484
33	55	0.2
33	56	0.05888
33	57	0.02048
33	58	0.02854
33	59	0.01332
33	60	0.02041
33	61	0.01367
33	62	0.01511
33	63	0.01116
33	64	0.00761
33	65	0.00696
33	66	0.00497
33	67	0.00465
33	68	0.00332
33	69	0.00296
33	70	0.00228
33	71	0.00201
33	72	0.00167
33	74	0.00115
33	76	0.00086
33	78	0.00082
33	80	0.00071
33	82	0.00049
34	45	10329623258358.0
34	47	1110.0
34	49	1335.0
34	50	198.0
34	51	32.9
34	52	14.3
34	53	5.51
34	54	1.51
34	55	0.41
34	56	0.195
34	57	0.27
34	58	0.05267
34	59	0.05744
34	60	0.04582
34	61	0.02381
34	62	0.02791
34	63	0.01944
34	64	0.01465
34	65	0.00716
34	66	0.00749
34	67	0.00642
34	68	0.00522
34	69	0.00447
34	70	0.00361
34	71	0.00277
34	72	0.00243
34	73	0.00253
34	74	0.00194
34	76	0.00137
34	78	0.00105
34	80	0.00098
34	82	0.00061
35	43	387.0
35	45	1060.8
35	47	127022.4
35	48	8546.4
35	49	1905.6000000000001
35	50	176.4
35	51	55.1
35	52	55.68
35	53	16.34
35	54	4.348
35	55	1.91
35	56	0.544
35	57	0.34400000000000003
35	58	0.152
35	59	0.07
35	60	0.06802
35	61	0.03432
35	62	0.03848
35	63	0.02601
35	64	0.01755
35	65	0.00576
35	66	0.00717
35	67	0.0054
35	68	0.00486
35	69	0.00432
35	70	0.00376
35	71	0.00313
35	72	0.00262
35	73	0.00265
35	74	0.00205
35	75	0.00177
35	76	0.00173
35	77	0.00162
35	78	0.00116
35	79	0.00109
35	80	0.00118
35	81	0.001
35	82	0.00087
36	49	338605815.98
36	51	4565.400000000001
36	52	10090.8
36	53	188.82
36	54	32.32
36	55	8.57
36	56	1.841
36	57	1.284
36	58	0.212
36	59	0.114
36	60	0.08
36	61	0.062
36	62	0.043000000000000003
36	63	0.013000000000000001
36	64	0.007
36	65	0.01287
36	66	0.01931
36	67	0.01451
36	68	0.01216
36	69	0.0102
36	70	0.00825
36	71	0.00645
36	72	0.00596
36	73	0.00515
36	74	0.00399
36	75	0.00268
36	76	0.00239
36	77	0.0022
36	78	0.00195
36	79	0.00138
36	80	0.00153
36	81	0.0014
36	82	0.00121
37	47	2835648.0
37	49	1613174.4
37	50	1.56743251442e+18
37	51	1066.5
37	52	923.4000000000001
37	53	158.0
37	54	58.0
37	55	4.48
37	56	5.85
37	57	2.704
37	58	0.37989999999999996
37	59	0.2016
37	60	0.1691
37	61	0.115
37	62	0.0538
37	63	0.052000000000000005
37	64	0.032
37	65	0.037
37	66	0.023
37	67	0.01214
37	68	0.01078
37	69	0.00867
37	70	0.00731
37	71	0.0059
37	72	0.00589
37	73	0.00465
37	74	0.00435
37	75	0.00364
37	76	0.0028
37	77	0.00297
37	78	0.00242
37	79	0.00167
37	80	0.00169
37	81	0.00174
37	82	0.00145
38	51	4368384.0
38	52	912310730.66
38	53	34848.0
38	54	9396.0
38	55	445.79999999999995
38	56	75.3
38	57	23.9
38	58	1.065
38	59	0.431
38	60	0.653
38	61	0.269
38	62	0.201
38	63	0.114
38	64	0.07200000000000001
38	65	0.056
38	66	0.051000000000000004
38	67	0.039
38	68	0.02
38	69	0.02689
38	70	0.02007
38	71	0.01379
38	72	0.01489
38	73	0.01166
38	74	0.00509
38	75	0.00565
38	76	0.00478
38	77	0.00394
38	78	0.00342
38	79	0.00305
38	80	0.00212
38	81	0.00234
38	82	0.00211
39	51	230565.60000000003
39	52	5059584.0
39	53	12744.0
39	54	36612.0
39	55	1122.0
39	56	624.0
39	57	5.35
39	58	3.75
39	59	0.548
39	60	1.483
39	61	0.729
39	62	0.429
39	63	0.396
39	64	0.23600000000000002
39	65	0.197
39	66	0.107
39	67	0.081
39	68	0.0335
39	69	0.03
39	70	0.025
39	71	0.01175
39	72	0.01202
39	73	0.00893
39	74	0.00593
39	75	0.00536
39	76	0.00429
39	77	0.00454
39	78	0.00375
39	79	0.00346
39	80	0.00313
39	81	0.00354
39	82	0.00318
40	53	50834484068732.0
40	55	5532364.8
40	56	251741200.0
40	57	60296.399999999994
40	58	30.7
40	59	2.1
40	60	7.1
40	61	2.32
40	62	2.01
40	63	1.38
40	64	0.922
40	65	0.67
40	66	0.178
40	67	0.146
40	68	0.07740000000000001
40	69	0.056
40	70	0.0376
40	71	0.024
40	72	0.03
40	73	0.02616
40	74	0.01521
40	75	0.01344
40	76	0.00961
40	77	0.00843
40	78	0.00801
40	79	0.00702
40	80	0.00451
40	81	0.00514
40	82	0.00452
40	84	0.00366
41	53	643161708806.0
41	54	3023222.4
41	55	84060.0
41	56	4326.0
41	57	2.86
41	58	15.0
41	59	1.4
41	60	7.2
41	61	4.3
41	62	1.36
41	63	4.9
41	64	2.92
41	65	1.097
41	66	0.28700000000000003
41	67	0.194
41	68	0.107
41	69	0.075
41	70	0.054
41	71	0.038
41	72	0.032
41	73	0.017
41	74	0.023
41	75	0.01289
41	76	0.01045
41	77	0.00796
41	78	0.00786
41	79	0.00702
41	80	0.00503
41	81	0.00538
41	82	0.0045
41	84	0.00382
41	86	0.00318
42	57	237369.60000000003
42	59	876.5999999999999
42	60	678.0
42	61	67.5
42	62	59.4
42	63	36.3
42	64	8.73
42	65	3.5
42	66	1.106
42	67	0.7000000000000001
42	68	0.28700000000000003
42	69	0.186
42	70	0.125
42	71	0.08
42	72	0.058
42	73	0.0456
42	74	0.032
42	75	0.022
42	76	0.019
42	77	0.0216
42	78	0.01597
42	79	0.01611
42	80	0.01117
42	81	0.01183
42	82	0.00991
42	84	0.00776
42	86	0.00628
42	88	0.00504
42	90	0.00394
42	92	0.00176
42	94	0.00139
43	55	132539089200000.0
43	56	6661667078600.0
43	57	15.65
43	58	847.38
43	59	5.28
43	60	54.2
43	61	1092.0
43	62	458.4
43	63	35.7
43	64	21.2
43	65	5.15
43	66	0.88
43	67	0.911
43	68	0.35000000000000003
43	69	0.323
43	70	0.152
43	71	0.11800000000000001
43	72	0.078
43	73	0.057
43	74	0.0445
43	75	0.03
43	76	0.022
43	77	0.021
43	78	0.022
43	79	0.01354
43	80	0.01069
43	81	0.01079
43	82	0.00965
43	83	0.00334
43	84	0.00732
43	85	0.00647
43	86	0.00623
43	88	0.00497
43	90	0.00237
43	92	0.002
43	94	0.00154
43	96	0.00139
43	98	0.00104
44	59	3390940.8
44	61	15984.000000000002
44	62	32123520.0
44	63	223.8
44	64	273.0
44	65	34.4
44	66	12.04
44	67	2.12
44	68	1.75
44	69	0.8
44	70	0.543
44	71	0.318
44	72	0.203
44	73	0.152
44	74	0.099
44	75	0.0692
44	76	0.045
44	77	0.03
44	78	0.025
44	79	0.019
44	80	0.015
44	81	0.03299
44	82	0.03292
44	83	0.00757
44	84	0.02154
44	85	0.01757
44	86	0.01664
44	88	0.0118
44	90	0.00426
44	92	0.00319
44	94	0.00239
44	96	0.0018
44	98	0.00144
44	100	0.00116
45	57	17910720.0
45	59	42.3
45	60	127227.6
45	61	30.07
45	62	1302.0
45	63	17.0
45	64	80.8
45	65	3.3
45	66	11.0
45	67	3.5
45	68	2.8
45	69	1.82
45	70	0.99
45	71	0.685
45	72	0.421
45	73	0.28600000000000003
45	74	0.189
45	75	0.133
45	76	0.073
45	77	0.0523
45	78	0.0422
45	79	0.032
45	80	0.0265
45	81	0.019
45	82	0.02
45	83	0.00836
45	84	0.01526
45	85	0.01296
45	86	0.01241
45	87	0.01131
45	88	0.00962
45	89	0.00513
45	90	0.00442
45	92	0.00404
45	93	0.00271
45	94	0.00329
45	95	0.00244
45	96	0.00219
45	98	0.00165
45	100	0.00125
45	102	0.00113
46	61	205120019000000.0
46	63	48373.2
46	65	1416.0
46	66	75697.2
46	67	89.0
46	68	145.2
46	69	25.0
46	70	11.7
46	71	4.3
46	72	1.9
46	73	0.88
46	74	0.492
46	75	0.29
46	76	0.195
46	77	0.109
46	78	0.094
46	79	0.06420000000000001
46	80	0.048600000000000004
46	81	0.038
46	82	0.036000000000000004
46	83	0.031
46	84	0.06847
46	85	0.05471
46	86	0.0457
46	87	0.04017
46	88	0.02876
46	89	0.01018
46	90	0.00941
46	92	0.00514
46	93	0.00321
46	94	0.00412
46	95	0.00368
46	96	0.00301
46	98	0.00225
46	99	0.00213
46	100	0.0018
46	102	0.00151
46	104	0.00122
47	59	1437.6000000000001
47	61	143.4
47	63	24.56
47	64	641174.4
47	65	11340.0
47	66	19332.0
47	67	4.59
47	68	1200.0
47	69	229.8
47	70	72.8
47	71	3.87
47	72	6.0
47	73	1.52
47	74	0.781
47	75	0.55
47	76	0.3
47	77	0.182
47	78	0.176
47	79	0.052000000000000005
47	80	0.0891
47	81	0.06659999999999999
47	82	0.052000000000000005
47	83	0.041
47	84	0.035
47	85	0.028
47	86	0.02549
47	87	0.02261
47	88	0.01769
47	89	0.00899
47	90	0.00702
47	91	0.00576
47	92	0.00473
47	93	0.00398
47	94	0.00361
47	95	0.00321
47	96	0.00323
47	97	0.00314
47	98	0.00271
47	99	0.00254
47	100	0.00211
47	101	0.00187
47	102	0.00158
47	104	0.00136
47	106	0.00114
47	108	0.00095
48	65	2.5371768504e+23
48	67	192240.0
48	69	9010.800000000001
48	70	3018.0
48	71	161.4
48	72	50.8
48	73	13.5
48	74	5.24
48	75	2.1
48	76	1.25
48	77	0.68
48	78	0.512
48	79	0.45
48	80	0.2459
48	81	0.151
48	82	0.129
48	83	0.098
48	84	0.084
48	85	0.061
48	86	0.065
48	87	0.1248
48	88	0.07763
48	89	0.06669
48	90	0.01834
48	91	0.01332
48	92	0.01111
48	93	0.00751
48	94	0.00606
48	95	0.00443
48	96	0.00581
48	97	0.00513
48	98	0.00397
48	99	0.00345
48	100	0.003
48	101	0.00256
48	102	0.0024
48	104	0.0019
48	106	0.00147
48	108	0.0012
48	110	0.00104
49	63	892.8000000000001
49	65	71.9
49	66	1.3916604366e+22
49	67	14.1
49	68	2592.0
49	69	5.4
49	70	144.0
49	71	3.08
49	72	23.1
49	73	1.5
49	74	6.17
49	75	3.12
49	76	2.36
49	77	1.53
49	78	1.087
49	79	0.84
49	80	0.629
49	81	0.277
49	82	0.261
49	83	0.2
49	84	0.162
49	85	0.121
49	86	0.097
49	87	0.085
49	88	0.065
49	89	0.03413
49	90	0.0233
49	91	0.00684
49	92	0.00971
49	93	0.00535
49	94	0.00655
49	95	0.0047
49	96	0.00639
49	97	0.00518
49	98	0.00404
49	99	0.00361
49	100	0.00328
49	101	0.00322
49	102	0.00302
49	103	0.00263
49	104	0.0023
49	105	0.00175
49	106	0.00175
49	108	0.00144
49	110	0.0012
49	112	0.00094
50	71	97380.0
50	73	11162879.999999998
50	75	832377.6
50	76	6248271348000.0
50	77	7560.0
50	78	3576.0
50	79	133.8
50	80	223.8
50	81	56.0
50	82	39.7
50	83	1.38
50	84	1.024
50	85	0.515
50	86	0.355
50	87	0.228
50	88	0.148
50	89	0.12
50	90	0.06821
50	91	0.01169
50	92	0.02386
50	93	0.02105
50	94	0.01462
50	95	0.00913
50	96	0.01051
50	97	0.00978
50	98	0.0065
50	99	0.00507
50	100	0.00486
50	101	0.00401
50	102	0.00386
50	103	0.00342
50	104	0.00289
50	105	0.0023
50	106	0.0023
50	108	0.00195
50	110	0.00158
50	112	0.00122
50	114	0.00101
51	71	232772.832
51	73	5202057.600000001
51	74	87024534.8302
51	75	1062720.0
51	76	331776.0
51	77	32580.000000000004
51	78	15840.000000000002
51	79	2430.0
51	80	1381.8000000000002
51	81	167.4
51	82	144.60000000000002
51	83	0.675
51	84	1.668
51	85	0.924
51	86	0.506
51	87	0.314
51	88	0.182
51	89	0.171
51	90	0.10300000000000001
51	91	0.053
51	92	0.03171
51	93	0.02099
51	94	0.01889
51	95	0.01018
51	96	0.00986
51	97	0.00926
51	98	0.00785
51	99	0.0059
51	100	0.00567
51	101	0.00452
51	102	0.00445
51	103	0.0038
51	104	0.00326
51	105	0.00271
51	106	0.00257
51	107	0.00254
51	108	0.00206
51	109	0.00184
51	110	0.00179
51	111	0.00174
51	112	0.00134
51	113	0.00142
51	114	0.00116
51	116	0.00095
52	53	0.00063
52	54	0.069
52	55	0.0036000000000000003
52	56	2.1
52	57	4.4
52	75	33660.0
52	77	4170.0
52	79	1500.0
52	80	276825.60000000003
52	81	750.0
52	82	2508.0
52	83	19.0
52	84	17.66
52	85	2.48
52	86	1.46
52	87	0.724
52	88	0.35100000000000003
52	89	0.193
52	90	0.147
52	91	0.12
52	92	0.093
52	93	0.02439
52	94	0.03276
52	95	0.02069
52	96	0.0225
52	97	0.01953
52	98	0.01494
52	99	0.01098
52	100	0.00967
52	101	0.00753
52	102	0.00757
52	103	0.00622
52	104	0.00517
52	105	0.00377
52	106	0.00395
52	107	0.00348
52	108	0.00314
52	109	0.00271
52	110	0.00245
52	111	0.00215
52	112	0.00177
52	114	0.00163
52	116	0.00123
52	118	0.00117
53	55	0.0264
53	56	0.0927
53	57	0.67
53	58	2.5
53	59	3.34
53	73	1117152.0
53	75	1500.0
53	76	508886199752850.0
53	77	44496.0
53	78	693334.08
53	79	8222.04
53	80	74880.0
53	81	3156.0
53	82	23580.0
53	83	83.4
53	84	24.13
53	85	6.303
53	86	2.29
53	87	0.38
53	88	0.418
53	89	0.23500000000000001
53	90	0.182
53	91	0.094
53	92	0.0897
53	93	0.094
53	94	0.04811
53	95	0.02648
53	96	0.03063
53	97	0.02605
53	98	0.02039
53	99	0.01532
53	100	0.0125
53	101	0.01027
53	102	0.00991
53	103	0.0081
53	104	0.00574
53	105	0.00466
53	106	0.00445
53	107	0.00376
53	108	0.00373
53	109	0.00326
53	110	0.003
53	111	0.0027
53	112	0.00238
53	113	0.00217
53	114	0.00167
53	115	0.00155
53	116	0.00154
53	117	0.00139
53	118	0.00137
53	119	0.0011
53	120	0.00105
53	121	0.00104
54	54	0.058
54	55	0.013000000000000001
54	56	0.093
54	57	0.74
54	58	2.7
54	79	453375.36
54	81	33004.799999999996
54	83	229.26000000000002
54	84	848.4000000000001
54	85	39.72
54	86	13.6
54	87	1.72
54	88	1.227
54	89	0.511
54	90	0.388
54	91	0.188
54	92	0.146
54	93	0.088
54	94	0.085
54	95	0.04682
54	96	0.05352
54	97	0.04656
54	98	0.03065
54	99	0.02425
54	100	0.02112
54	101	0.01877
54	102	0.0138
54	103	0.0106
54	104	0.01032
54	105	0.00623
54	106	0.00727
54	107	0.00607
54	108	0.00514
54	109	0.00429
54	110	0.00416
54	111	0.00359
54	112	0.00302
54	113	0.00283
54	114	0.00231
54	115	0.00178
54	116	0.0021
54	117	0.00174
54	118	0.00166
54	119	0.00144
54	120	0.00133
54	121	0.00136
54	122	0.00116
54	123	0.00107
54	124	0.00106
55	59	0.57
55	75	1752.0
55	77	559872.0
55	79	65183986.345599994
55	80	41970711580000.0
55	81	1124064.0
55	82	946928678.482
55	83	1948.7999999999997
55	84	555.0
55	85	64.0
55	86	24.86
55	87	1.687
55	88	1.795
55	89	0.993
55	90	0.588
55	91	0.322
55	92	0.232
55	93	0.151
55	94	0.112
55	95	0.0808
55	96	0.059000000000000004
55	97	0.02953
55	98	0.04627
55	99	0.03456
55	100	0.02962
55	101	0.02648
55	102	0.02154
55	103	0.01489
55	104	0.01368
55	105	0.00826
55	106	0.00916
55	107	0.00813
55	108	0.00633
55	109	0.00579
55	110	0.00526
55	111	0.00454
55	112	0.00407
55	113	0.00351
55	114	0.00333
55	115	0.0025
55	116	0.00267
55	117	0.00206
55	118	0.00184
55	119	0.00172
55	120	0.00161
55	121	0.00159
55	122	0.00138
55	123	0.00134
55	124	0.00123
55	125	0.00098
55	126	0.00089
56	58	0.41
56	83	4973.4
56	84	1101824.64
56	85	1094.3999999999999
56	86	630.6
56	87	14.38
56	88	11.7
56	89	3.99
56	90	2.16
56	91	0.894
56	92	0.619
56	93	0.352
56	94	0.258
56	95	0.167
56	96	0.14
56	97	0.113
56	98	0.053
56	99	0.05722
56	100	0.05107
56	101	0.04094
56	102	0.0333
56	103	0.02332
56	104	0.01991
56	105	0.01236
56	106	0.01354
56	107	0.01145
56	108	0.00962
56	109	0.00814
56	110	0.00752
56	111	0.00646
56	112	0.00589
56	113	0.00531
56	114	0.00433
56	115	0.00374
56	116	0.00339
56	117	0.00284
56	118	0.00254
56	119	0.00217
56	120	0.00216
56	121	0.00185
56	122	0.00159
56	123	0.0017
56	124	0.00156
56	125	0.00118
56	126	0.0011
57	81	3.24360101671515e+18
57	83	145022.4
57	84	14148.0
57	85	5508.0
57	86	845.4
57	87	40.8
57	88	24.8
57	89	6.1
57	90	4.024
57	91	1.411
57	92	1.085
57	93	0.51
57	94	0.457
57	95	0.298
57	96	0.244
57	97	0.163
57	98	0.1
57	99	0.084
57	100	0.04394
57	101	0.03536
57	102	0.02953
57	103	0.02255
57	104	0.0194
57	105	0.01342
57	106	0.01399
57	107	0.01239
57	108	0.01013
57	109	0.00854
57	110	0.01001
57	111	0.00862
57	112	0.00755
57	113	0.0073
57	114	0.00562
57	115	0.00472
57	116	0.00381
57	117	0.00346
57	118	0.00321
57	119	0.00255
57	120	0.00288
57	121	0.00258
57	122	0.00198
57	123	0.00207
57	124	0.00191
57	125	0.00145
57	126	0.00131
58	83	2808345.5999999996
58	85	118933.2
58	86	24614150.400000002
58	87	181.2
58	88	793.2
58	89	56.4
58	90	56.8
58	91	5.2
58	92	6.05
58	93	1.74
58	94	1.42
58	95	0.865
58	96	0.722
58	97	0.313
58	98	0.233
58	99	0.17500000000000002
58	100	0.099
58	101	0.11271
58	102	0.08413
58	103	0.05561
58	104	0.04656
58	105	0.02435
58	106	0.0318
58	107	0.02512
58	108	0.021
58	109	0.01594
58	110	0.01307
58	111	0.01233
58	112	0.01141
58	113	0.00996
58	114	0.00866
58	115	0.00794
58	116	0.00493
58	117	0.0046
58	118	0.00402
58	119	0.0035
58	120	0.00379
58	121	0.00333
58	122	0.00263
58	123	0.00269
58	124	0.00244
58	125	0.00174
58	126	0.00159
59	83	68832.0
59	84	1172448.0
59	85	1036.8000000000002
59	86	21535.2
59	87	1445.4
59	88	801.0
59	89	137.4
59	90	135.6
59	91	6.19
59	92	18.9
59	93	3.57
59	94	4.29
59	95	2.3
59	96	1.47
59	97	0.444
59	98	0.295
59	99	0.181
59	100	0.134
59	101	0.17
59	102	0.06545
59	103	0.04752
59	104	0.04159
59	105	0.02434
59	106	0.02922
59	107	0.02598
59	108	0.0206
59	109	0.01717
59	110	0.01517
59	111	0.01247
59	112	0.01228
59	113	0.01102
59	114	0.01147
59	115	0.01065
59	116	0.0063
59	117	0.0059
59	118	0.00527
59	119	0.00448
59	120	0.00481
59	121	0.00369
59	122	0.00317
59	123	0.0034
59	124	0.00308
59	125	0.00221
59	126	0.00199
60	84	7.2186468225e+22
60	87	960767.9999999999
60	89	6220.8
60	91	746.4
60	92	684.0
60	93	31.6
60	94	25.9
60	95	8.9
60	96	5.27
60	97	1.16
60	98	0.8200000000000001
60	99	0.485
60	100	0.439
60	101	0.215
60	102	0.31
60	103	0.15111
60	104	0.13873
60	105	0.04521
60	106	0.07569
60	107	0.06297
60	108	0.04858
60	109	0.03591
60	110	0.03173
60	111	0.02692
60	112	0.02323
60	113	0.02058
60	114	0.01798
60	115	0.01433
60	116	0.01109
60	117	0.00697
60	118	0.0084
60	119	0.0063
60	120	0.00673
60	121	0.00544
60	122	0.00425
60	123	0.00445
60	124	0.00406
60	125	0.00285
60	126	0.00263
60	136	0.0014
61	84	558557590.1999999
61	85	174509800.78
61	86	82787701.94544
61	87	463795.2
61	88	191088.0
61	89	9712.8
61	90	102240.0
61	91	245.99999999999997
61	92	315.0
61	93	160.8
61	94	41.5
61	95	27.8
61	96	10.56
61	97	4.8
61	98	1.634
61	99	0.725
61	100	0.73
61	101	0.47400000000000003
61	102	0.363
61	103	0.28
61	104	0.297
61	105	0.04784
61	106	0.06308
61	107	0.1007
61	108	0.07564
61	109	0.05958
61	110	0.04801
61	111	0.02532
61	112	0.02276
61	113	0.02088
61	114	0.0282
61	115	0.01598
61	116	0.01412
61	117	0.00722
61	118	0.00907
61	119	0.00665
61	120	0.00759
61	121	0.00559
61	122	0.00585
61	123	0.00559
61	124	0.00536
61	125	0.0037
61	126	0.00342
61	128	0.00366
61	130	0.00348
61	132	0.00234
61	134	0.0021
61	136	0.00164
61	138	0.00132
62	84	2145870968000000.0
62	85	3.3702689015858555e+18
62	86	2.159158094736842e+23
62	89	2985285199.6
62	91	166618.80000000002
62	93	1330.9199999999998
62	94	33840.0
62	95	482.4
62	96	319.20000000000005
62	97	11.37
62	98	9.6
62	99	4.63
62	100	3.09
62	101	1.67
62	102	1.42
62	103	0.614
62	104	0.399
62	105	0.334
62	106	0.353
62	107	0.16523
62	108	0.11646
62	109	0.09069
62	110	0.07611
62	111	0.05985
62	112	0.05715
62	113	0.04403
62	114	0.04525
62	115	0.03673
62	116	0.02718
62	117	0.01184
62	118	0.01638
62	119	0.01425
62	120	0.01063
62	121	0.00905
62	122	0.01041
62	123	0.00729
62	124	0.00737
62	125	0.00506
62	126	0.0047
62	128	0.00497
62	130	0.00437
62	132	0.00334
62	134	0.00252
62	136	0.0021
62	138	0.00172
62	140	0.00155
63	84	2082240.0000000002
63	85	4700160.0
63	88	1.451618596e+26
63	89	426554968.742
63	91	271105551.266
63	92	149642943.092
63	93	1309824.0
63	94	54648.0
63	95	2754.0
63	96	1086.0
63	97	42.6
63	98	26.0
63	99	11.7
63	100	7.7
63	101	4.08
63	102	2.25
63	103	1.29
63	104	0.862
63	105	0.44
63	106	0.389
63	107	0.197
63	108	0.09154
63	109	0.07625
63	110	0.06296
63	111	0.05111
63	112	0.0913
63	113	0.06405
63	114	0.07047
63	115	0.03395
63	116	0.02517
63	117	0.01457
63	118	0.01424
63	119	0.01547
63	120	0.01612
63	121	0.01274
63	122	0.01501
63	123	0.00865
63	124	0.01022
63	125	0.00717
63	126	0.00684
63	128	0.00697
63	130	0.00553
63	131	0.00429
63	132	0.00507
63	134	0.00306
63	135	0.00234
63	136	0.00263
63	137	0.00175
63	138	0.00175
63	140	0.00152
63	142	0.0013
63	144	0.00121
64	84	2742296869.4
64	85	801792.0
64	86	56385915376800.0
64	87	10756800.0
64	88	3.408148008e+21
64	95	66524.4
64	97	219.60000000000002
64	98	503.40000000000003
64	99	68.0
64	100	45.0
64	101	11.6
64	102	5.0
64	103	4.26
64	104	3.02
64	105	0.892
64	106	0.616
64	107	0.392
64	108	0.163
64	109	0.26538
64	110	0.22873
64	111	0.15698
64	112	0.15237
64	113	0.1011
64	114	0.10691
64	115	0.09569
64	116	0.06399
64	117	0.02928
64	118	0.02799
64	119	0.02249
64	120	0.02332
64	121	0.01801
64	122	0.02047
64	123	0.0153
64	124	0.01381
64	125	0.00903
64	126	0.0093
64	127	0.0055
64	128	0.00952
64	130	0.00945
64	131	0.00877
64	132	0.00669
64	134	0.0041
64	135	0.00332
64	136	0.00311
64	137	0.00255
64	138	0.00264
64	140	0.00211
64	142	0.00178
64	144	0.0015
64	146	0.00125
65	84	14832.0
65	86	63392.40000000001
65	93	5680246680.0
65	95	6246720.0
65	96	601205.76
65	97	456.0
65	98	1170.0
65	99	180.0
65	100	126.6
65	101	27.1
65	102	18.9
65	103	9.4
65	104	5.13
65	105	0.96
65	106	1.24
65	107	0.76
65	108	0.67187
65	109	0.46081
65	110	0.35815
65	111	0.27246
65	112	0.1123
65	113	0.10387
65	114	0.07686
65	115	0.06921
65	116	0.05959
65	117	0.02831
65	118	0.02651
65	119	0.03416
65	120	0.02418
65	121	0.01887
65	122	0.02013
65	123	0.02351
65	124	0.01528
65	125	0.01027
65	126	0.01021
65	127	0.006
65	128	0.01077
65	129	0.00994
65	130	0.00926
65	131	0.00701
65	132	0.00776
65	133	0.00552
65	134	0.00483
65	135	0.00381
65	136	0.00362
65	137	0.00297
65	138	0.00296
65	139	0.00274
65	140	0.00242
65	141	0.0022
65	142	0.00203
65	143	0.0018
65	144	0.0017
65	145	0.0017
65	146	0.00154
65	148	0.0012
66	84	430.2
66	85	1080.0
66	86	8568.0
66	87	23112.0
66	88	86781546500000.0
66	99	8391.6
66	100	293868.0
66	101	372.0
66	102	522.0
66	103	39.0
66	104	55.0
66	105	4.1
66	106	3.52
66	107	1.43
66	108	1.72639
66	109	1.02609
66	110	0.86716
66	111	0.54278
66	112	0.47752
66	113	0.43603
66	114	0.34942
66	115	0.22639
66	116	0.20512
66	117	0.05711
66	118	0.05954
66	119	0.05423
66	120	0.05211
66	121	0.03936
66	122	0.04541
66	123	0.03548
66	124	0.03029
66	125	0.01858
66	126	0.01921
66	127	0.01109
66	128	0.0197
66	129	0.01813
66	130	0.01919
66	131	0.0112
66	132	0.01345
66	133	0.00716
66	134	0.00747
66	135	0.00594
66	136	0.0054
66	137	0.00401
66	138	0.00388
66	139	0.00351
66	140	0.003
66	141	0.00284
66	142	0.00272
66	143	0.00235
66	144	0.00217
66	146	0.00203
66	148	0.00168
66	150	0.0013
67	84	35.2
67	85	147.0
67	86	120.6
67	87	705.6
67	97	1728.0
67	99	96508.8
67	100	10683.0
67	101	179.4
67	102	282.0
67	103	165.6
67	104	53.0
67	105	25.0
67	106	7.1
67	107	3.5
67	108	1.9
67	109	0.51944
67	110	0.42338
67	111	0.31449
67	112	0.26999
67	113	0.23808
67	114	0.2119
67	115	0.14188
67	116	0.1337
67	117	0.05188
67	118	0.05242
67	119	0.08658
67	120	0.08956
67	121	0.06414
67	122	0.07948
67	123	0.06335
67	124	0.031
67	125	0.01904
67	126	0.01946
67	127	0.0113
67	128	0.02117
67	129	0.01687
67	130	0.02383
67	131	0.01433
67	132	0.01037
67	133	0.00763
67	134	0.00695
67	135	0.00624
67	136	0.00673
67	137	0.00502
67	138	0.00484
67	139	0.0042
67	140	0.0039
67	141	0.0036
67	142	0.0032
67	143	0.00286
67	144	0.00241
67	145	0.00212
67	146	0.00197
67	147	0.00185
67	148	0.00172
67	150	0.0014
67	152	0.00114
68	84	10.2
68	85	37.1
68	86	223.8
68	87	318.0
68	88	1170.0
68	101	811296.0
68	103	27057.6
68	104	177480.0
68	105	84.0
68	106	192.0
68	107	72.0
68	108	20.90989
68	109	8.57189
68	110	6.55281
68	111	3.13205
68	112	3.20102
68	113	2.03133
68	114	1.53062
68	115	0.74007
68	116	0.79456
68	117	0.13067
68	118	0.16964
68	119	0.15835
68	120	0.15479
68	121	0.10122
68	122	0.13009
68	123	0.092
68	124	0.08317
68	125	0.05229
68	126	0.04987
68	127	0.02419
68	128	0.05018
68	129	0.0397
68	130	0.0329
68	131	0.01847
68	132	0.01712
68	133	0.0115
68	134	0.01299
68	135	0.00962
68	136	0.00942
68	137	0.00731
68	138	0.00636
68	139	0.00541
68	140	0.00511
68	141	0.00481
68	142	0.00418
68	143	0.00364
68	144	0.00349
68	145	0.00307
68	146	0.00281
68	147	0.00245
68	148	0.00234
68	149	0.00193
68	150	0.00191
68	152	0.00154
68	154	0.0013
69	84	1.48
69	85	8.1
69	86	21.6
69	87	83.0
69	88	217.79999999999998
69	99	8043839.999999999
69	101	11093760.0
69	102	60609600.0
69	103	228960.0
69	104	29664.0
69	105	324.0
69	106	912.0
69	107	111.17999999999999
69	108	95.0
69	109	30.76993
69	110	22.4082
69	111	9.56489
69	112	8.27376
69	113	6.41819
69	114	4.06097
69	115	1.59036
69	116	1.43742
69	117	0.19465
69	118	0.25809
69	119	0.11497
69	120	0.1232
69	121	0.08655
69	122	0.10021
69	123	0.0821
69	124	0.06705
69	125	0.04262
69	126	0.04357
69	127	0.02145
69	128	0.0419
69	129	0.03983
69	130	0.02887
69	131	0.02645
69	132	0.02293
69	133	0.01458
69	134	0.01355
69	135	0.01241
69	136	0.00907
69	137	0.00767
69	138	0.00654
69	139	0.00595
69	140	0.00582
69	141	0.00512
69	142	0.00431
69	143	0.00401
69	144	0.00384
69	145	0.004
69	146	0.00324
69	147	0.00296
69	148	0.00275
69	149	0.00225
69	150	0.00221
69	151	0.00202
69	152	0.00187
69	154	0.00149
69	156	0.00127
70	84	0.40900000000000003
70	85	1.79
70	86	25.0
70	88	89.4
70	105	359553.60000000003
70	107	6879.6
70	108	4440.0
70	109	480.0
70	110	144.0
70	111	60.40762
70	112	83.64986
70	113	28.91876
70	114	18.05159
70	115	4.22367
70	116	3.71869
70	117	0.32382
70	118	0.50583
70	119	0.47375
70	120	0.63715
70	121	0.35976
70	122	0.49221
70	123	0.39871
70	124	0.3776
70	125	0.18335
70	126	0.19495
70	127	0.078
70	128	0.15405
70	129	0.12701
70	130	0.07734
70	131	0.0281
70	132	0.0365
70	133	0.01941
70	134	0.024
70	135	0.013
70	136	0.01619
70	137	0.01352
70	138	0.01097
70	139	0.00881
70	140	0.00852
70	141	0.00824
70	142	0.00652
70	143	0.00579
70	144	0.00536
70	145	0.00508
70	146	0.00435
70	147	0.00369
70	148	0.00352
70	149	0.00284
70	150	0.00287
70	151	0.00255
70	152	0.00228
70	154	0.00197
70	156	0.00163
70	158	0.00136
71	84	0.067
71	85	0.494
71	87	10.6
71	89	36.1
71	105	1.1721124488057344e+18
71	106	574318.08
71	107	1704.0
71	108	16524.0
71	109	336.0
71	110	210.0
71	111	120.0
71	112	58.0
71	113	19.0
71	114	4.01851
71	115	1.65606
71	116	1.29805
71	117	0.34813
71	118	0.94337
71	119	0.26357
71	120	0.37725
71	121	0.2804
71	122	0.28815
71	123	0.21783
71	124	0.19584
71	125	0.11919
71	126	0.09949
71	127	0.07139
71	128	0.0942
71	129	0.0736
71	130	0.05005
71	131	0.02397
71	132	0.03577
71	133	0.02034
71	134	0.02548
71	135	0.01561
71	136	0.01892
71	137	0.01733
71	138	0.01653
71	139	0.01182
71	140	0.01033
71	141	0.01017
71	142	0.00777
71	143	0.00682
71	144	0.00664
71	145	0.00614
71	146	0.00545
71	147	0.00489
71	148	0.00427
71	149	0.00351
71	150	0.00343
71	151	0.00304
71	152	0.00265
71	153	0.00236
71	154	0.0023
71	155	0.0019
71	156	0.00193
71	157	0.00175
71	158	0.0016
71	159	0.0016
71	160	0.00139
72	84	0.023
72	85	0.115
72	86	2.9
72	87	5.2
72	88	13.6
72	89	18.4
72	90	38.7
72	102	2.20898482e+24
72	109	3662496.0
72	110	280856641400000.0
72	111	3668.3999999999996
72	112	14832.0
72	113	210.0
72	114	156.0
72	115	51.34565
72	116	47.73491
72	117	1.5434
72	118	4.04228
72	119	2.09473
72	120	2.95377
72	121	2.14083
72	122	3.46106
72	123	2.14191
72	124	2.39482
72	125	1.38023
72	126	1.70361
72	127	0.50438
72	128	0.60323
72	129	0.46567
72	130	0.32355
72	131	0.04296
72	132	0.07665
72	133	0.03473
72	134	0.04674
72	135	0.02272
72	136	0.02659
72	137	0.02014
72	138	0.02412
72	139	0.01768
72	140	0.01504
72	141	0.01343
72	142	0.01114
72	143	0.00933
72	144	0.00874
72	145	0.00845
72	146	0.00696
72	147	0.00649
72	148	0.00577
72	149	0.00431
72	150	0.00437
72	151	0.0038
72	152	0.00332
72	153	0.00295
72	154	0.00286
72	155	0.00254
72	156	0.00245
72	157	0.0022
72	158	0.00208
72	159	0.00207
72	160	0.00191
72	162	0.00144
73	84	0.010199999999999999
73	85	0.049
73	86	1.04
73	89	3.56
73	107	29354.4
73	109	9919065.6
73	110	440639.99999999994
73	111	31319.999999999996
73	112	2970.0
73	113	630.0
73	114	283.0
73	115	19.6
73	116	72.70932
73	117	5.3
73	118	1.77089
73	119	2.2
73	120	0.82782
73	121	0.917
73	122	0.89048
73	123	0.6496
73	124	0.574
73	125	0.33399
73	126	0.38224
73	127	0.16908
73	128	0.23417
73	129	0.16332
73	130	0.16416
73	131	0.03647
73	132	0.07021
73	133	0.04319
73	134	0.06524
73	135	0.04579
73	136	0.03072
73	137	0.02992
73	138	0.02505
73	139	0.02214
73	140	0.0219
73	141	0.01719
73	142	0.01418
73	143	0.01194
73	144	0.01036
73	145	0.01029
73	146	0.00839
73	147	0.00649
73	148	0.00598
73	149	0.0047
73	150	0.00492
73	151	0.0042
73	152	0.00383
73	153	0.00332
73	154	0.00319
73	155	0.00283
73	156	0.00274
73	157	0.00251
73	158	0.00233
73	159	0.00216
73	160	0.00195
73	161	0.00165
73	162	0.00159
73	164	0.00138
74	84	0.0014
74	85	0.0085
74	86	0.091
74	87	0.40900000000000003
74	88	0.99
74	89	2.7
74	90	6.34
74	91	5.1
74	92	19.2
74	93	19.9
74	94	50.9
74	106	5.017551234e+25
74	111	6471360.000000001
74	113	85680.0
74	114	6028128.0
74	115	696.0
74	116	1800.0
74	117	10.35545
74	118	54.57875
74	119	22.20663
74	120	27.55526
74	121	19.72801
74	122	32.44747
74	123	18.61059
74	124	20.46721
74	125	11.26523
74	126	13.4719
74	127	2.46766
74	128	2.26393
74	129	1.55241
74	130	1.15044
74	131	0.82824
74	132	0.26736
74	133	0.06345
74	134	0.0983
74	135	0.06728
74	136	0.06228
74	137	0.04616
74	138	0.03715
74	139	0.02793
74	140	0.03087
74	141	0.02728
74	142	0.01989
74	143	0.01599
74	144	0.01467
74	145	0.01384
74	146	0.01184
74	147	0.01027
74	148	0.00927
74	149	0.00676
74	150	0.00743
74	151	0.00656
74	152	0.00551
74	153	0.00445
74	154	0.00446
74	155	0.00401
74	156	0.00368
74	157	0.00323
74	158	0.00299
74	159	0.0026
74	160	0.00251
74	161	0.00234
74	162	0.0021
74	164	0.00172
74	166	0.00148
74	168	0.00133
75	85	0.000612
75	86	0.00044
75	87	0.107
75	88	0.39
75	90	1.6
75	91	2.25
75	92	5.9
75	93	4.4
75	94	8.1
75	111	321278.4
75	112	1.3001453512e+18
75	113	61214.4
75	114	87120.0
75	115	180.0
75	116	588.0
75	117	15.2
75	118	531.93805
75	119	5.0
75	120	6.0
75	121	3.0
75	122	4.03764
75	123	2.57274
75	124	2.36981
75	125	1.00196
75	126	1.21019
75	127	0.44747
75	128	0.54846
75	129	0.36808
75	130	0.34105
75	131	0.07603
75	132	0.32696
75	133	0.0796
75	134	0.13479
75	135	0.06218
75	136	0.06136
75	137	0.03537
75	138	0.03713
75	139	0.0279
75	140	0.02947
75	141	0.03148
75	142	0.02197
75	143	0.01709
75	144	0.0167
75	145	0.014
75	146	0.01269
75	147	0.01155
75	148	0.01166
75	149	0.0082
75	150	0.00832
75	151	0.0078
75	152	0.00677
75	153	0.00546
75	154	0.00546
75	155	0.00463
75	156	0.00435
75	157	0.00396
75	158	0.00367
75	159	0.00296
75	160	0.00301
75	161	0.00276
75	162	0.00244
75	163	0.00219
75	164	0.00214
75	166	0.0018
75	168	0.00155
75	170	0.0015
76	85	0.00064
76	86	0.0021000000000000003
76	87	0.0058
76	88	0.021
76	89	0.07100000000000001
76	90	0.212
76	91	0.839
76	92	2.1
76	93	3.4
76	94	7.4
76	95	8.3
76	96	19.2
76	97	22.4
76	98	44.0
76	108	3.534375712e+20
76	110	6.3113852e+22
76	115	1296000.0
76	117	107388.0
76	118	189341556.0
76	119	384.0
76	120	2094.0
76	121	93.0
76	122	125.0
76	123	5.0
76	124	6.0
76	125	56.08576
76	126	50.61697
76	127	6.61546
76	128	5.92264
76	129	3.26105
76	130	2.63277
76	131	1.75575
76	132	0.88561
76	133	0.10151
76	134	0.22412
76	135	0.12592
76	136	0.12435
76	137	0.11539
76	138	0.06895
76	139	0.0631
76	140	0.05074
76	141	0.05317
76	142	0.04281
76	143	0.02896
76	144	0.02813
76	145	0.02194
76	146	0.02005
76	147	0.01808
76	148	0.01623
76	149	0.01128
76	150	0.01197
76	151	0.01021
76	152	0.00861
76	153	0.0074
76	154	0.00712
76	155	0.00615
76	156	0.00589
76	157	0.00481
76	158	0.00504
76	159	0.00475
76	160	0.00442
76	161	0.00413
76	162	0.00358
76	163	0.00319
76	164	0.00287
76	165	0.00253
76	166	0.00259
76	168	0.00202
76	170	0.00191
76	172	0.00142
77	89	0.0117
77	90	0.03
77	91	0.222
77	92	0.353
77	93	0.87
77	94	3.2
77	95	4.4
77	96	9.0
77	97	7.9
77	98	8.9
77	99	8.9
77	100	30.0
77	115	6378566.399999999
77	117	69120.0
77	118	8244.0
77	119	51.9
77	120	348.0
77	121	9.1
77	122	6.0
77	123	43.0
77	124	21.0
77	125	11.0
77	126	43.37479
77	127	7.04392
77	128	6.29535
77	129	3.60775
77	130	3.07093
77	131	2.15158
77	132	1.60374
77	133	0.69647
77	134	0.1624
77	135	0.11373
77	136	0.11218
77	137	0.10615
77	138	0.08457
77	139	0.06784
77	140	0.05447
77	141	0.04766
77	142	0.04941
77	143	0.03776
77	144	0.03854
77	145	0.02992
77	146	0.02497
77	147	0.02405
77	148	0.02103
77	149	0.01493
77	150	0.0158
77	151	0.01321
77	152	0.01159
77	153	0.00937
77	154	0.00934
77	155	0.00749
77	156	0.00684
77	157	0.00645
77	158	0.0058
77	159	0.00514
77	160	0.00432
77	161	0.00398
77	162	0.00361
77	163	0.00328
77	164	0.00316
77	165	0.0025
77	166	0.00277
77	167	0.0025
77	168	0.00227
77	169	0.00215
77	170	0.00181
77	171	0.00183
77	172	0.00175
77	173	0.00152
77	174	0.00121
77	175	0.00114
78	87	0.26
78	88	0.28
78	89	0.0009000000000000001
78	90	0.00202
78	91	0.0069900000000000006
78	92	0.013900000000000001
78	93	0.046
78	94	0.09740000000000001
78	95	0.374
78	96	0.868
78	97	2.43
78	98	6.32
78	99	10.0
78	100	21.0
78	101	21.2
78	102	56.0
78	103	52.0
78	104	162.0
78	105	390.0
78	106	1038.0
78	107	4254.0
78	108	7488.0
78	110	881279.9999999999
78	112	1.545245957997474e+19
78	119	71609.40000000001
78	121	1830.6000000000001
78	122	45360.0
78	123	150.0
78	124	158400.0
78	125	22.0
78	126	10.7
78	127	21.35204
78	128	20.73779
78	129	9.15089
78	130	9.24788
78	131	5.1191
78	132	4.02553
78	133	2.29281
78	134	0.97044
78	135	0.24586
78	136	0.30113
78	137	0.19196
78	138	0.15444
78	139	0.14321
78	140	0.09539
78	141	0.08218
78	142	0.09223
78	143	0.06597
78	144	0.05578
78	145	0.0443
78	146	0.03808
78	147	0.03193
78	148	0.03234
78	149	0.01955
78	150	0.02036
78	151	0.01792
78	152	0.01453
78	153	0.01244
78	154	0.01219
78	155	0.0099
78	156	0.00871
78	157	0.00762
78	158	0.00772
78	159	0.00684
78	160	0.00614
78	161	0.00569
78	162	0.0053
78	163	0.00469
78	164	0.00437
78	165	0.00352
78	166	0.00392
78	167	0.00407
78	168	0.003
78	169	0.00244
78	170	0.00208
78	171	0.00192
78	172	0.00182
78	173	0.00169
78	174	0.00167
78	175	0.00155
78	176	0.00147
79	91	0.00029
79	93	0.022
79	94	0.0263
79	95	0.139
79	96	0.201
79	97	1.05
79	98	1.454
79	99	3.4
79	100	7.2
79	101	7.9
79	102	13.7
79	103	15.5
79	104	42.8
79	105	21.0
79	106	258.0
79	107	642.0
79	117	531878.4
79	119	232821.21600000001
79	120	270864.0
79	121	2904.0
79	122	1560.0
79	123	28.4
79	124	60.0
79	125	38.4
79	126	32.0
79	127	47.0
79	128	23.42289
79	129	9.47298
79	130	10.41022
79	131	5.8317
79	132	5.01377
79	133	0.33967
79	134	1.53912
79	135	0.42249
79	136	0.39855
79	137	0.3002
79	138	0.18921
79	139	0.16808
79	140	0.14101
79	141	0.12334
79	142	0.11336
79	143	0.06907
79	144	0.07096
79	145	0.05245
79	146	0.04988
79	147	0.03851
79	148	0.04485
79	149	0.0274
79	150	0.03138
79	151	0.02524
79	152	0.01944
79	153	0.01614
79	154	0.01609
79	155	0.01396
79	156	0.01
79	157	0.00835
79	158	0.0094
79	159	0.00835
79	160	0.00708
79	161	0.00703
79	162	0.00593
79	163	0.0058
79	164	0.00517
79	165	0.00403
79	166	0.00339
79	167	0.00307
79	168	0.00261
79	169	0.00251
79	170	0.00232
79	171	0.00214
79	172	0.00207
79	173	0.00188
79	174	0.00181
79	175	0.00172
79	176	0.0016
79	177	0.00144
79	178	0.00135
80	90	0.08
80	91	0.059000000000000004
80	92	0.231
80	93	0.0008
80	94	0.0019
80	95	0.010199999999999999
80	96	0.02
80	97	0.117
80	98	0.266
80	99	1.05
80	100	2.58
80	101	3.6
80	102	10.88
80	103	8.9
80	104	30.9
80	105	48.2
80	106	82.8
80	108	195.0
80	123	4027276.8000000003
80	125	306.0
80	126	499.20000000000005
80	127	174.0
80	128	135.0
80	129	6.3
80	130	63.7
80	131	26.4
80	132	20.599
80	133	9.90717
80	134	5.47294
80	135	0.39519
80	136	1.29798
80	137	0.3026
80	138	0.4794
80	139	0.18903
80	140	0.24239
80	141	0.16999
80	142	0.23987
80	143	0.13527
80	144	0.12787
80	145	0.09499
80	146	0.09391
80	147	0.07522
80	148	0.06883
80	149	0.04307
80	150	0.0473
80	151	0.03688
80	152	0.03107
80	153	0.02232
80	154	0.02373
80	155	0.019
80	156	0.01603
80	157	0.01176
80	158	0.01335
80	159	0.01283
80	160	0.01032
80	161	0.00907
80	162	0.00854
80	163	0.00719
80	164	0.00659
80	165	0.00581
80	166	0.00427
80	167	0.00406
80	168	0.00368
80	169	0.00343
80	170	0.00317
80	171	0.00288
80	172	0.00267
80	173	0.00253
80	174	0.00223
80	175	0.00218
80	176	0.00213
80	177	0.00191
80	178	0.00183
80	180	0.00168
80	182	0.00145
81	96	0.018000000000000002
81	97	0.254
81	98	0.426
81	99	1.09
81	100	2.9
81	101	1.9
81	103	9.5
81	123	119389318.1358
81	125	252.12
81	126	286.2
81	127	183.18
81	128	129.72
81	129	78.0
81	130	79.6
81	131	30.9
81	132	23.8
81	133	11.0
81	134	9.7
81	135	5.9
81	136	3.10764
81	137	1.4366
81	138	0.77118
81	139	0.40299
81	140	0.38259
81	141	0.29138
81	142	0.33131
81	143	0.24461
81	144	0.27952
81	145	0.17676
81	146	0.13957
81	147	0.10838
81	148	0.09767
81	149	0.05163
81	150	0.05667
81	151	0.04889
81	152	0.03707
81	153	0.02625
81	154	0.02739
81	155	0.02277
81	156	0.02321
81	157	0.02109
81	158	0.01656
81	159	0.01804
81	160	0.01447
81	161	0.01234
81	162	0.01129
81	163	0.00954
81	164	0.00763
81	165	0.0053
81	166	0.00464
81	167	0.00465
81	168	0.00463
81	169	0.0045
81	170	0.00396
81	171	0.00354
81	172	0.0033
81	173	0.00305
81	174	0.00302
81	175	0.00282
81	176	0.00264
81	177	0.00242
81	178	0.00223
81	179	0.00199
81	180	0.00178
81	181	0.00173
81	182	0.00161
81	183	0.0015
81	184	0.00115
82	96	0.0002
82	97	0.0027
82	98	0.0040999999999999995
82	99	0.036000000000000004
82	100	0.055
82	101	0.535
82	102	0.49
82	103	6.3
82	104	4.82
82	105	15.2
82	106	25.5
82	107	39.0
82	108	71.0
82	109	79.80000000000001
82	110	210.0
82	112	642.0
82	114	2220.0
82	127	11646.0
82	128	700563757.1999999
82	129	2169.9
82	130	38260.8
82	131	612.0
82	132	1623.6
82	133	142.0
82	134	99.4
82	135	19.9
82	136	15.0
82	137	16.79196
82	138	6.92232
82	139	0.5312
82	140	1.51068
82	141	0.93147
82	142	0.72916
82	143	0.36648
82	144	0.57998
82	145	0.31545
82	146	0.26082
82	147	0.17703
82	148	0.18814
82	149	0.09102
82	150	0.11401
82	151	0.09386
82	152	0.0676
82	153	0.05047
82	154	0.04753
82	155	0.03696
82	156	0.03168
82	157	0.0286
82	158	0.02406
82	159	0.02268
82	160	0.02024
82	161	0.0161
82	162	0.01492
82	163	0.01276
82	164	0.00456
82	165	0.00642
82	166	0.00581
82	167	0.00534
82	168	0.00524
82	169	0.00654
82	170	0.00584
82	171	0.00532
82	172	0.00488
82	173	0.00429
82	174	0.00301
82	175	0.00385
82	176	0.00281
82	177	0.00286
82	178	0.00229
82	179	0.00238
82	180	0.00266
82	181	0.00268
82	182	0.00259
82	183	0.0024
82	184	0.00178
83	101	0.013000000000000001
83	102	0.0028
83	103	0.0148
83	104	0.037
83	105	0.06
83	106	0.685
83	107	6.3
83	108	12.4
83	109	34.6
83	110	63.0
83	111	100.0
83	112	183.0
83	113	307.8
83	126	6.342942126e+26
83	127	433036.8
83	128	128.4
83	129	3633.06
83	130	2736.42
83	131	1182.6000000000001
83	132	456.0
83	133	135.0
83	134	98.5
83	135	33.0
83	136	8.7
83	137	9.5
83	138	4.97564
83	139	3.93335
83	140	3.4066
83	141	2.27951
83	142	1.44616
83	143	0.65074
83	144	1.18082
83	145	0.45633
83	146	0.48209
83	147	0.29502
83	148	0.15598
83	149	0.09735
83	150	0.10334
83	151	0.13805
83	152	0.10055
83	153	0.07044
83	154	0.07363
83	155	0.05091
83	156	0.04068
83	157	0.03662
83	158	0.03305
83	159	0.02913
83	160	0.02594
83	161	0.02087
83	162	0.01912
83	163	0.01664
83	164	0.01423
83	165	0.00646
83	166	0.00677
83	167	0.00646
83	168	0.00711
83	169	0.0074
83	170	0.00636
83	171	0.00609
83	172	0.00557
83	173	0.00509
83	174	0.00403
83	175	0.00441
83	176	0.00415
83	177	0.00362
83	178	0.00318
83	179	0.00298
83	180	0.00317
83	181	0.00302
83	182	0.00279
83	183	0.00255
83	184	0.00207
84	102	0.028
84	103	0.0014
84	104	0.27
84	105	0.0035
84	106	0.0024500000000000004
84	107	0.022
84	108	0.032200000000000006
84	109	0.40700000000000003
84	110	0.392
84	111	4.64
84	112	5.63
84	113	54.0
84	114	105.6
84	115	330.0
84	116	690.0
84	117	930.0
84	118	2676.0
84	119	2202.0
84	120	12664.8
84	121	6444.0
84	122	760320.0000000001
84	123	20880.0
84	124	91451971.54800001
84	125	3913058824.0
84	126	11955859.2
84	127	0.516
84	128	2.9500000000000003e-07
84	129	0.003706
84	130	0.16348
84	131	0.001781
84	132	0.14400000000000002
84	133	1.53
84	134	185.82
84	135	619.8
84	136	421.17444
84	137	112.2
84	138	145.2
84	139	4.00515
84	140	12.26569
84	141	6.78719
84	142	4.05044
84	143	1.3363
84	144	2.08545
84	145	0.91533
84	146	0.8705
84	147	0.54236
84	148	0.57917
84	149	0.22652
84	150	0.27573
84	151	0.23904
84	152	0.15821
84	153	0.10837
84	154	0.11444
84	155	0.07429
84	156	0.06967
84	157	0.06377
84	158	0.04865
84	159	0.04498
84	160	0.04322
84	161	0.02904
84	162	0.02871
84	163	0.02386
84	164	0.01909
84	165	0.01274
84	166	0.01117
84	167	0.01102
84	168	0.00956
84	169	0.00951
84	170	0.00829
84	171	0.00819
84	172	0.00703
84	173	0.00682
84	174	0.00649
84	175	0.00583
84	176	0.00477
84	177	0.00493
84	178	0.00389
84	179	0.00316
84	180	0.00356
84	181	0.00343
84	182	0.00327
84	183	0.00311
84	184	0.00255
85	106	0.0017
85	107	0.088
85	108	0.028
85	109	0.28600000000000003
85	110	0.309
85	111	0.377
85	112	0.388
85	113	4.47
85	114	6.97
85	115	43.0
85	116	85.0
85	117	184.0
85	118	444.0
85	119	552.0
85	120	1614.0
85	121	1830.0
85	122	6516.0
85	123	5868.0
85	124	19512.0
85	125	29160.0
85	126	25977.600000000002
85	127	0.314
85	128	1.24e-07
85	129	5.58e-07
85	130	0.037
85	131	0.0003
85	132	0.032600000000000004
85	133	1.28
85	134	56.0
85	135	222.6
85	136	138.0
85	137	54.0
85	138	50.0
85	139	76.2
85	140	4.70464
85	141	14.15695
85	142	8.89936
85	143	2.30294
85	144	2.40203
85	145	0.77255
85	146	1.84227
85	147	0.99072
85	148	1.01848
85	149	0.36878
85	150	0.55165
85	151	0.21679
85	152	0.1536
85	153	0.11305
85	154	0.11581
85	155	0.08633
85	156	0.08499
85	157	0.09268
85	158	0.06538
85	159	0.05372
85	160	0.05882
85	161	0.04707
85	162	0.03915
85	163	0.03262
85	164	0.02587
85	165	0.01564
85	166	0.01391
85	167	0.01625
85	168	0.01402
85	169	0.01354
85	170	0.01032
85	171	0.01062
85	172	0.00999
85	173	0.00912
85	174	0.00806
85	175	0.00738
85	176	0.00697
85	177	0.00595
85	178	0.0059
85	179	0.00455
85	180	0.00431
85	181	0.00469
85	182	0.00433
85	183	0.00422
85	184	0.00315
86	107	0.00115
86	108	0.0007800000000000001
86	109	0.006
86	110	0.0044
86	111	0.055
86	112	0.065
86	113	0.6
86	114	1.03
86	116	9.75
86	117	44.0
86	118	74.0
86	119	170.0
86	120	377.4
86	121	555.0
86	122	1456.8000000000002
86	123	1722.0
86	124	8712.0
86	125	52920.0
86	126	1434.0
86	127	0.019379999999999998
86	128	2.5900000000000003e-07
86	129	0.0023
86	130	0.029
86	131	0.00059
86	132	0.03375
86	133	3.96
86	134	55.6
86	135	1542.0
86	136	330174.14400000003
86	137	1458.0
86	138	6840.0
86	139	279.6
86	140	444.0
86	141	20.8
86	142	65.0
86	143	12.0
86	144	13.55239
86	145	4.74237
86	146	5.54486
86	147	1.98134
86	148	2.29003
86	149	0.66676
86	150	1.09194
86	151	0.72722
86	152	0.52231
86	153	0.26195
86	154	0.31517
86	155	0.21058
86	156	0.17509
86	157	0.15282
86	158	0.11026
86	159	0.09027
86	160	0.0847
86	161	0.0721
86	162	0.05951
86	163	0.0498
86	164	0.04155
86	165	0.03419
86	166	0.0272
86	167	0.0311
86	168	0.02073
86	169	0.01983
86	170	0.01626
86	171	0.01421
86	172	0.01264
86	173	0.0115
86	174	0.01133
86	175	0.01071
86	176	0.00969
86	177	0.00886
86	178	0.00788
86	179	0.00678
86	180	0.00554
86	181	0.00476
86	182	0.00521
86	183	0.00473
86	184	0.0038
86	190	0.00305
86	192	0.00234
87	110	0.0006
87	111	0.015
87	112	0.0045000000000000005
87	113	0.05
87	114	0.063
87	115	0.364
87	116	0.55
87	117	1.8
87	118	3.9
87	120	14.8
87	121	58.6
87	122	50.5
87	123	190.8
87	124	186.0
87	125	1218.0
87	126	34.17
87	127	0.0055
87	128	8.9e-08
87	129	0.0007
87	130	0.022
87	131	0.0011
87	132	0.022
87	133	27.4
87	134	288.06
87	135	852.0
87	136	1319.3999999999999
87	137	199.8
87	138	240.0
87	139	49.0
87	140	148.20000000000002
87	141	38.0
87	142	50.2
87	143	19.1
87	144	17.6
87	145	5.5
87	146	0.9
87	147	1.51834
87	148	1.50644
87	149	0.68654
87	150	0.86735
87	151	0.56568
87	152	0.49075
87	153	0.26184
87	154	0.2862
87	155	0.20115
87	156	0.1592
87	157	0.25821
87	158	0.11623
87	159	0.15658
87	160	0.134
87	161	0.10549
87	162	0.08802
87	163	0.07322
87	164	0.06165
87	165	0.04746
87	166	0.03277
87	167	0.04097
87	168	0.03072
87	169	0.02893
87	170	0.01757
87	171	0.01543
87	172	0.01538
87	173	0.01402
87	174	0.01319
87	175	0.01223
87	176	0.01145
87	177	0.01081
87	178	0.01018
87	179	0.00864
87	180	0.00729
87	181	0.00667
87	182	0.00694
87	183	0.00627
87	184	0.00498
87	186	0.00472
87	190	0.00369
87	191	0.0035
87	192	0.0027
88	113	0.008
88	114	0.0038
88	115	0.031
88	116	0.058
88	117	0.215
88	118	0.24
88	119	1.4
88	120	1.11
88	121	4.8
88	122	3.9
88	123	13.0
88	124	13.0
88	125	163.8
88	126	2.438
88	127	0.00168
88	128	1.72e-07
88	129	0.00159
88	130	0.02591
88	131	0.009000000000000001
88	132	0.018000000000000002
88	133	16.0
88	134	33.6
88	135	988001.28
88	136	313744.32
88	137	1278720.0
88	138	50491081600.0
88	139	2532.0
88	140	181452324.5
88	141	240.0
88	142	5580.0
88	143	103.9
88	144	252.0
88	145	30.0
88	146	30.0
88	147	7.82696
88	148	17.53033
88	149	2.28835
88	150	4.89017
88	151	2.99742
88	152	1.90427
88	153	0.81179
88	154	0.90573
88	155	0.55699
88	156	0.58447
88	157	0.48323
88	158	0.33458
88	159	0.22542
88	160	0.23975
88	161	0.17237
88	162	0.13991
88	163	0.11772
88	164	0.09608
88	165	0.07297
88	166	0.04528
88	167	0.06473
88	168	0.04902
88	169	0.04157
88	170	0.0299
88	171	0.02496
88	172	0.02234
88	173	0.02261
88	174	0.02008
88	175	0.02038
88	176	0.01781
88	177	0.01471
88	178	0.01385
88	179	0.01117
88	180	0.00879
88	181	0.00845
88	182	0.00886
88	183	0.00785
88	184	0.00627
88	186	0.00596
88	188	0.00577
88	190	0.00472
88	192	0.00348
88	194	0.00239
88	196	0.00204
89	116	0.0077
89	117	0.027
89	118	0.027
89	119	0.093
89	120	0.091
89	121	0.34400000000000003
89	122	0.21
89	123	0.895
89	124	0.738
89	125	8.2
89	126	0.17
89	127	0.36
89	128	6.900000000000001e-08
89	129	0.00102
89	130	0.0095
89	131	0.0264
89	132	0.052000000000000005
89	133	4.9
89	134	127.2
89	135	10008.0
89	136	857001.6000000001
89	137	105732.0
89	138	687073171.335
89	139	22140.0
89	140	3762.0
89	141	122.0
89	142	450.0
89	143	119.0
89	144	143.0
89	145	44.0
89	146	62.0
89	147	72.0
89	148	16.2685
89	149	4.16082
89	150	9.28314
89	151	6.51138
89	152	3.54619
89	153	1.25199
89	154	1.45782
89	155	0.88654
89	156	0.93707
89	157	0.84396
89	158	0.6337
89	159	0.27234
89	160	0.34597
89	161	0.32742
89	162	0.22965
89	163	0.16864
89	164	0.14506
89	165	0.11476
89	166	0.03843
89	167	0.067
89	168	0.06076
89	169	0.04395
89	170	0.04877
89	171	0.03937
89	172	0.03225
89	173	0.03362
89	174	0.02996
89	175	0.02815
89	176	0.02546
89	177	0.01941
89	178	0.01598
89	179	0.01424
89	180	0.01219
89	181	0.01197
89	182	0.01365
89	183	0.01192
89	184	0.0085
89	186	0.00796
89	188	0.00767
89	189	0.00735
89	190	0.0064
89	191	0.00637
89	192	0.00448
89	194	0.00305
89	196	0.00201
89	198	0.00175
89	200	0.00148
89	202	0.00178
90	118	0.0031000000000000003
90	119	0.0025
90	120	0.0157
90	121	0.037
90	122	0.0317
90	123	0.146
90	124	0.1
90	125	1.4
90	126	0.026000000000000002
90	127	0.254
90	128	1.21e-07
90	129	0.00102
90	130	0.010199999999999999
90	131	0.00173
90	132	0.00197
90	133	0.6
90	134	1.04
90	135	523.2
90	136	1841.4
90	137	1615127.04
90	138	60324219.7416
90	139	249536392345.0
90	140	2379392220400.0
90	141	91872.0
90	142	4.4395608385936877e+17
90	143	1309.8
90	144	2082844.8
90	145	432.0
90	146	2250.0
90	147	287.4
90	148	564.0
90	149	12.38884
90	150	45.82229
90	151	23.70459
90	152	10.32738
90	153	2.98814
90	154	4.50815
90	155	1.91959
90	156	2.29531
90	157	0.66609
90	158	1.35979
90	159	0.96897
90	160	0.63466
90	161	0.52857
90	162	0.42303
90	163	0.28643
90	164	0.25353
90	165	0.20554
90	166	0.08162
90	167	0.09762
90	168	0.11871
90	169	0.08907
90	170	0.07996
90	171	0.05739
90	172	0.04567
90	173	0.04909
90	174	0.04635
90	175	0.04011
90	176	0.03656
90	177	0.03089
90	178	0.02592
90	179	0.02196
90	180	0.01755
90	181	0.01521
90	182	0.01535
90	183	0.01422
90	184	0.01106
90	186	0.01054
90	188	0.01003
90	189	0.00934
90	190	0.00794
90	191	0.00787
90	192	0.00559
90	194	0.00314
90	195	0.00287
90	196	0.0026
90	198	0.00225
90	200	0.0018
90	202	0.00241
90	204	0.00165
91	120	0.0038
91	121	0.005
91	122	0.0053
91	123	0.017
91	124	0.014
91	125	0.11800000000000001
91	126	0.0037
91	127	0.109
91	128	5.5e-08
91	129	0.0008900000000000001
91	130	0.005900000000000001
91	131	0.0038900000000000002
91	132	0.0053
91	133	0.85
91	134	1.7
91	135	108.0
91	136	2298.0
91	137	71280.0
91	138	133920.0
91	139	1503359.9999999998
91	140	1033142200314.0
91	141	113184.0
91	142	2330640.0
91	143	24015.600000000002
91	144	1464.0
91	145	546.0
91	146	522.0
91	147	138.0
91	148	6480.0
91	149	23.1444
91	150	83.97828
91	151	6.60381
91	152	4.16877
91	153	5.70118
91	154	9.26872
91	155	3.69603
91	156	3.86821
91	157	1.0503
91	158	2.30257
91	159	1.67338
91	160	0.60926
91	161	0.4367
91	162	0.38868
91	163	0.26671
91	164	0.21738
91	165	0.32469
91	166	0.27551
91	167	0.15609
91	168	0.10622
91	169	0.11518
91	170	0.11895
91	171	0.08797
91	172	0.05077
91	173	0.04898
91	174	0.0478
91	175	0.05978
91	176	0.05288
91	177	0.04482
91	178	0.03777
91	179	0.03101
91	180	0.02312
91	181	0.02649
91	182	0.02685
91	183	0.02291
91	184	0.01579
91	186	0.01457
91	187	0.01407
91	188	0.01421
91	189	0.01073
91	190	0.01159
91	191	0.01175
91	192	0.00809
91	193	0.00349
91	194	0.00322
91	195	0.00312
91	196	0.00271
91	197	0.00242
91	198	0.00248
91	199	0.00207
91	200	0.00208
91	202	0.00184
91	203	0.00226
91	204	0.00182
91	206	0.00158
92	123	0.0007
92	124	0.0045000000000000005
92	125	0.016
92	126	0.00063
92	127	0.06
92	129	0.00066
92	130	0.0047
92	131	0.062
92	132	0.396
92	133	0.061
92	134	0.267
92	135	66.0
92	136	546.0
92	137	3468.0
92	138	1747872.0
92	139	362880.0
92	140	2174272201.4
92	141	5023515493014.0
92	142	7747225333000.0
92	143	2.221526448076176e+16
92	144	739378776180000.0
92	145	583372.7999999999
92	146	1.408458219866726e+17
92	147	1407.0
92	148	50760.0
92	149	104.67197
92	150	1008.0
92	151	425.36707
92	152	115.04196
92	153	14.22685
92	154	39.79034
92	155	11.81631
92	156	13.08541
92	157	8.05953
92	158	6.21829
92	159	3.66587
92	160	3.76621
92	161	1.87107
92	162	1.46483
92	163	0.99426
92	164	0.73246
92	165	0.52779
92	166	0.49276
92	167	0.21832
92	168	0.2234
92	169	0.24608
92	170	0.18001
92	171	0.14447
92	172	0.11201
92	173	0.10881
92	174	0.10382
92	175	0.08686
92	176	0.08446
92	177	0.06334
92	178	0.05366
92	179	0.04259
92	180	0.03169
92	181	0.02585
92	182	0.03108
92	183	0.02969
92	184	0.02223
92	186	0.0189
92	187	0.02145
92	188	0.02101
92	189	0.01477
92	190	0.01414
92	191	0.01572
92	192	0.00549
92	193	0.00516
92	194	0.00444
92	195	0.00443
92	196	0.00384
92	198	0.00334
92	199	0.00281
92	200	0.00268
92	201	0.00248
92	202	0.0023
92	203	0.00272
92	204	0.0024
92	206	0.00211
92	208	0.00167
93	126	0.15
93	127	0.025
93	129	3.8e-07
93	130	0.00215
93	131	0.038
93	132	0.0037
93	133	0.037
93	134	0.51
93	135	61.4
93	136	240.0
93	137	277.8
93	138	2928.0
93	140	2172.0
93	142	34223040.0
93	143	4891323530000.0
93	144	67658049344000.0
93	145	181379.52
93	146	203541.12
93	147	3714.0
93	148	834.0
93	149	132.0
93	150	111.0
93	151	137.4
93	152	249.64278
93	153	31.07412
93	154	11.00057
93	155	21.05569
93	156	20.78114
93	157	3.79927
93	158	8.70672
93	159	6.73477
93	160	4.32812
93	161	3.07759
93	162	2.31403
93	163	0.81565
93	164	0.58669
93	165	0.44605
93	166	0.4624
93	167	0.24083
93	168	0.37378
93	169	0.41616
93	170	0.24618
93	171	0.21817
93	172	0.18047
93	173	0.17405
93	174	0.16872
93	175	0.13958
93	176	0.11582
93	177	0.07114
93	178	0.08304
93	179	0.06414
93	180	0.06557
93	181	0.0406
93	182	0.04247
93	183	0.03783
93	184	0.02827
93	185	0.0165
93	186	0.02329
93	187	0.02648
93	188	0.02632
93	189	0.01989
93	190	0.00691
93	191	0.00723
93	192	0.00663
93	193	0.00631
93	194	0.00537
93	195	0.00516
93	196	0.00472
93	197	0.00386
93	198	0.00369
93	199	0.00296
93	200	0.00309
93	201	0.00287
93	202	0.00267
93	203	0.00264
93	204	0.0026
93	205	0.00244
93	206	0.00224
93	207	0.00203
93	208	0.00193
93	209	0.0019
93	210	0.00156
94	134	1.1
94	135	83.0
94	136	107.0
94	137	516.0
94	138	1986.0
94	139	1254.0
94	140	31680.000000000004
94	141	1518.0
94	142	90189694.508
94	143	3943296.0
94	144	2767542410.2000003
94	145	760805928934.0
94	146	207082859797.19998
94	147	452179192.65400004
94	148	11833847250000.0
94	149	17838.0
94	150	2565578083800000.0
94	151	37944.0
94	152	936576.0
94	153	196128.0
94	154	1992.85388
94	155	138.21167
94	156	197.5813
94	157	58.95304
94	158	40.51026
94	159	26.68738
94	160	17.29766
94	161	7.87845
94	162	6.99292
94	163	4.07899
94	164	3.12548
94	165	1.4571
94	166	1.85264
94	167	0.62807
94	168	0.70959
94	169	0.65198
94	170	0.61922
94	171	0.33299
94	172	0.30456
94	173	0.28626
94	174	0.29063
94	175	0.23091
94	176	0.2414
94	177	0.1687
94	178	0.13878
94	179	0.09774
94	180	0.07733
94	181	0.06841
94	182	0.06666
94	183	0.06373
94	184	0.0456
94	185	0.02875
94	186	0.03359
94	187	0.04751
94	188	0.04035
94	189	0.0284
94	190	0.0113
94	191	0.01053
94	192	0.0092
94	193	0.00828
94	194	0.0074
94	195	0.00606
94	196	0.00594
94	197	0.00536
94	198	0.00556
94	199	0.00405
94	200	0.004
94	201	0.00366
94	202	0.00373
94	203	0.00302
94	204	0.00312
94	205	0.00323
94	206	0.00298
94	207	0.00279
94	208	0.00255
94	209	0.00236
94	210	0.00204
94	212	0.00173
95	128	0.005200000000000001
95	134	0.9
95	138	192.0
95	139	139.2
95	140	618.0
95	141	216.0
95	142	4380.0
95	143	5844.0
95	144	42840.0
95	145	183240.0
95	146	13651526187.6
95	147	57672.0
95	148	231785621470.0
95	149	36072.0
95	150	7369.200000000001
95	151	2340.0
95	152	1380.0
95	153	211.88538
95	154	543.54749
95	155	113.65551
95	156	128.05492
95	157	56.15523
95	158	12.54765
95	159	9.60469
95	160	7.59042
95	161	4.18614
95	162	3.47918
95	163	2.49987
95	164	1.98017
95	165	1.22347
95	166	1.20476
95	167	0.67143
95	168	0.75777
95	169	0.63364
95	170	0.56333
95	171	0.48088
95	172	0.43445
95	173	0.49039
95	174	0.45629
95	175	0.40645
95	176	0.43844
95	177	0.29038
95	178	0.23059
95	179	0.10343
95	180	0.10638
95	181	0.07271
95	182	0.07997
95	183	0.07406
95	184	0.04917
95	185	0.03447
95	186	0.04693
95	187	0.06502
95	188	0.05343
95	189	0.01362
95	190	0.01237
95	191	0.01207
95	192	0.01055
95	193	0.01011
95	194	0.00913
95	195	0.00758
95	196	0.00806
95	197	0.00678
95	198	0.00624
95	199	0.00499
95	200	0.00449
95	201	0.00408
95	202	0.00413
95	203	0.00368
95	204	0.00329
95	205	0.00316
95	206	0.00305
95	207	0.0028
95	208	0.00268
95	209	0.00249
95	210	0.00223
95	212	0.00186
95	214	0.0016
96	137	23.0
96	138	50.0
96	139	300.0
96	140	408.0
96	142	7920.000000000001
96	143	9000.0
96	144	2626560.0
96	145	2833919.9999999995
96	146	14072832.0
96	147	920831100.68
96	148	571559043.7119999
96	149	260186854870.0
96	150	150116296982.0
96	151	492288045600000.0
96	152	10996673560146.0
96	153	3849.0000000000005
96	155	1008.0
96	156	12559.09766
96	157	663.58704
96	158	1105.81372
96	159	188.20926
96	160	222.18739
96	161	55.10736
96	162	42.39301
96	163	22.51312
96	164	16.33578
96	165	5.53484
96	166	8.74638
96	167	2.25776
96	168	3.60646
96	169	2.45918
96	170	2.45682
96	171	1.86594
96	172	1.48293
96	173	1.15833
96	174	0.98452
96	175	0.59692
96	176	0.90677
96	177	0.52017
96	178	0.39764
96	179	0.27146
96	180	0.29427
96	181	0.21561
96	182	0.18704
96	183	0.19266
96	184	0.12747
96	185	0.07643
96	186	0.09269
96	187	0.11786
96	188	0.09934
96	189	0.05796
96	190	0.01943
96	191	0.01809
96	192	0.01486
96	193	0.01502
96	194	0.01319
96	195	0.01133
96	196	0.01077
96	197	0.01003
96	198	0.00845
96	199	0.00685
96	200	0.00647
96	201	0.00593
96	202	0.0056
96	203	0.00478
96	204	0.00429
96	205	0.004
96	206	0.00374
96	207	0.00365
96	208	0.00349
96	209	0.00327
96	210	0.00289
96	212	0.00247
96	214	0.0021
96	216	0.00184
96	218	0.0016
97	137	19.0
97	139	22.0
97	145	420.0
97	146	16560.0
97	147	18072.0
97	148	428544.0
97	150	43548557880.0
97	151	219263.875
97	152	28270080.0
97	153	11563.2
97	154	3360.0
97	155	108.0
97	156	2795.95361
97	157	651.58844
97	158	853.12476
97	159	240.60432
97	160	292.37708
97	161	87.16945
97	162	79.3615
97	163	33.54726
97	164	22.25125
97	165	8.51682
97	166	12.66874
97	167	3.78398
97	168	6.06627
97	169	4.86643
97	170	4.62394
97	171	3.55944
97	172	2.51057
97	173	0.91033
97	174	0.78659
97	175	0.56924
97	176	1.47607
97	177	0.89106
97	178	0.68113
97	179	0.47203
97	180	0.50217
97	181	0.18479
97	182	0.16878
97	183	0.15385
97	184	0.10736
97	185	0.08263
97	186	0.11035
97	187	0.13521
97	188	0.10197
97	189	0.07647
97	190	0.02253
97	191	0.02208
97	192	0.01872
97	193	0.01709
97	194	0.01499
97	195	0.01327
97	196	0.01243
97	197	0.01025
97	198	0.00905
97	199	0.00738
97	200	0.00751
97	201	0.00699
97	202	0.00616
97	203	0.00501
97	204	0.00472
97	205	0.00482
97	206	0.00416
97	207	0.00401
97	208	0.00372
97	209	0.00363
97	210	0.00322
97	211	0.0029
97	212	0.0028
97	213	0.00261
97	214	0.00238
97	216	0.00206
97	218	0.00179
97	220	0.0015
98	139	0.8
98	140	0.0211
98	141	28.0
98	142	41.2
98	143	226.79999999999998
98	144	209.4
98	145	636.0
98	146	1164.0
98	147	2700.0
98	148	128520.00000000001
98	149	11196.0
98	150	28814400.0
98	151	11067013948.199999
98	152	412764592.08
98	153	28338119548.0
98	154	83531183.122
98	155	1536192.0
98	156	5227200.0
98	157	5100.0
98	159	6703.54736
98	160	1559211.75
98	161	1027.92346
98	162	3222.31104
98	163	292.99796
98	164	235.1969
98	165	24.59234
98	166	72.05464
98	167	9.10049
98	168	23.27405
98	169	9.47762
98	170	16.33385
98	171	10.29685
98	172	8.52287
98	173	4.96962
98	174	4.1317
98	175	1.79106
98	176	2.42304
98	177	1.84986
98	178	1.42882
98	179	0.91494
98	180	1.05651
98	181	0.853
98	182	0.91247
98	183	0.71617
98	184	0.42285
98	185	0.24453
98	186	0.31314
98	187	0.32106
98	188	0.2365
98	189	0.11829
98	190	0.04323
98	191	0.03801
98	192	0.03025
98	193	0.02869
98	194	0.02382
98	195	0.01961
98	196	0.01926
98	197	0.01566
98	198	0.01422
98	199	0.01137
98	200	0.01061
98	201	0.0098
98	202	0.00855
98	203	0.00733
98	204	0.00654
98	205	0.00688
98	206	0.00586
98	207	0.00543
98	208	0.00487
98	209	0.00489
98	210	0.00439
98	211	0.00387
98	212	0.00372
98	213	0.00346
98	214	0.00306
98	215	0.00271
98	216	0.00265
98	218	0.00231
98	220	0.00191
99	141	6.7
99	143	17.8
99	144	22.0
99	145	37.0
99	146	67.2
99	147	450.0
99	148	273.0
99	149	1440.0
99	150	6132.0
99	151	30600.0
99	152	118800.0
99	153	40754880.0
99	154	1768262.4000000001
99	155	23820480.0
99	156	3438719.9999999995
99	157	1524.0
99	158	665280.0
99	159	928.0307
99	160	464.39691
99	161	188.06874
99	162	110.21141
99	163	56.21624
99	164	41.08445
99	165	17.28053
99	166	22.60755
99	167	10.19181
99	168	14.28999
99	169	7.40032
99	170	7.30544
99	171	5.78394
99	172	4.77849
99	173	3.04133
99	174	2.57185
99	175	1.74469
99	176	1.17055
99	177	1.29054
99	178	0.98115
99	179	0.61898
99	180	1.42994
99	181	1.36919
99	182	0.38161
99	183	0.34883
99	184	0.24549
99	185	0.22766
99	186	0.24471
99	187	0.29439
99	188	0.22205
99	189	0.05773
99	190	0.05566
99	191	0.05018
99	192	0.039
99	193	0.03491
99	194	0.02868
99	195	0.02454
99	196	0.02418
99	197	0.02059
99	198	0.01712
99	199	0.01345
99	200	0.01434
99	201	0.0117
99	202	0.00952
99	203	0.00829
99	204	0.00682
99	205	0.00688
99	206	0.00683
99	207	0.00604
99	208	0.0057
99	209	0.00543
99	210	0.00513
99	211	0.00454
99	212	0.00433
99	213	0.00412
99	214	0.00357
99	215	0.00314
99	216	0.00303
99	217	0.0028
99	218	0.00254
99	219	0.00227
99	220	0.00219
99	222	0.00178
100	141	0.00073
100	143	0.231
100	144	0.0031200000000000004
100	145	5.4
100	146	1.53
100	147	31.0
100	148	34.5
100	149	96.0
100	150	1854.0
100	151	19080.0
100	152	91368.0
100	153	259200.0
100	154	11664.0
100	155	72252.0
100	156	9426.0
100	157	8683200.0
100	161	125623.64063
100	163	3610.81421
100	164	17794.67578
100	165	151.73146
100	166	1172.46729
100	167	56.12673
100	168	545.2688
100	169	84.98486
100	170	134.19592
100	171	80.74931
100	172	70.69774
100	173	29.72001
100	174	24.70392
100	175	10.71823
100	176	7.03763
100	177	5.36006
100	178	5.03093
100	179	3.41097
100	180	3.99921
100	181	4.07104
100	182	3.59913
100	183	3.32731
100	184	1.7974
100	185	0.75721
100	186	0.94245
100	187	0.7689
100	188	0.67795
100	189	0.0931
100	190	0.09919
100	191	0.08233
100	192	0.06428
100	193	0.05633
100	194	0.04251
100	195	0.03299
100	196	0.03265
100	197	0.02767
100	198	0.02259
100	199	0.01795
100	200	0.0176
100	201	0.01674
100	202	0.01404
100	203	0.0118
100	204	0.0107
100	205	0.00945
100	206	0.00876
100	207	0.00867
100	208	0.00769
100	209	0.0068
100	210	0.00633
100	211	0.00561
100	212	0.00548
100	213	0.00529
100	214	0.00459
100	215	0.00401
100	216	0.00386
100	217	0.00361
100	218	0.00324
100	219	0.00285
100	220	0.00273
100	222	0.00223
100	224	0.00171
100	226	0.0015
101	143	0.39
101	144	0.33
101	145	0.9
101	146	1.2
101	147	7.0
101	148	25.6
101	149	53.4
101	150	256.2
101	152	387.0
101	154	1620.0
101	155	4662.0
101	156	19872.0
101	157	4451328.0
101	158	5796.0
101	159	2747520.0
101	161	12211.24414
101	162	94853.17188
101	163	1738.80139
101	164	1421.69971
101	165	213.69191
101	166	368.5033
101	167	63.20029
101	168	228.2675
101	169	75.47903
101	170	86.345
101	171	62.62941
101	172	51.21175
101	173	32.21243
101	174	23.36213
101	175	13.65749
101	176	8.48985
101	177	2.51141
101	178	2.19027
101	179	1.55642
101	180	1.58386
101	181	3.97456
101	182	1.01596
101	183	1.07486
101	184	0.63874
101	185	0.5072
101	186	0.52615
101	187	0.65715
101	188	0.51418
101	189	0.11188
101	190	0.13119
101	191	0.12229
101	192	0.09447
101	193	0.08089
101	194	0.0608
101	195	0.04562
101	196	0.04254
101	197	0.0381
101	198	0.03156
101	199	0.02399
101	200	0.02406
101	201	0.02029
101	202	0.01814
101	203	0.01471
101	204	0.01274
101	205	0.01192
101	206	0.01005
101	207	0.01039
101	208	0.01003
101	209	0.00912
101	210	0.00859
101	211	0.00674
101	212	0.00641
101	213	0.00661
101	214	0.00576
101	215	0.00488
101	216	0.00482
101	217	0.00438
101	218	0.004
101	219	0.00361
101	220	0.00332
101	221	0.00275
101	222	0.00235
101	224	0.00185
101	226	0.00168
101	228	0.00146
102	147	0.0378
102	149	0.8
102	150	2.45
102	151	96.60000000000001
102	152	51.2
102	153	211.2
102	154	2.93
102	155	24.5
102	157	3480.0
102	163	3915425.25
102	165	2427.58276
102	167	384.21976
102	168	103076.07813
102	169	827.90393
102	170	3174.87769
102	171	741.94897
102	172	1381.32666
102	173	218.58311
102	174	216.66577
102	175	72.13233
102	176	44.68914
102	177	12.72145
102	178	19.92775
102	179	11.26649
102	180	15.18464
102	181	14.00227
102	182	10.5434
102	183	9.99075
102	184	5.716
102	185	1.977
102	186	2.53473
102	187	1.53388
102	188	1.74145
102	189	1.20591
102	190	0.23826
102	191	0.2318
102	192	0.16617
102	193	0.14646
102	194	0.10848
102	195	0.07839
102	196	0.07627
102	197	0.05639
102	198	0.05186
102	199	0.03842
102	200	0.038
102	201	0.03014
102	202	0.02629
102	203	0.02279
102	204	0.01916
102	205	0.01621
102	206	0.01506
102	207	0.01171
102	208	0.01167
102	209	0.01027
102	210	0.01081
102	211	0.00949
102	212	0.00842
102	213	0.00761
102	214	0.00682
102	215	0.00577
102	216	0.00569
102	217	0.00498
102	218	0.00473
102	219	0.00414
102	220	0.0041
102	221	0.0036
102	222	0.00319
102	224	0.0026
102	226	0.00218
102	228	0.00189
102	230	0.00172
103	148	0.024399999999999998
103	150	0.65
103	151	11.9
103	152	31.1
103	153	27.9
103	154	5.9
103	155	3.86
103	156	6.22
103	157	180.0
103	161	16414424.0
103	163	32549.77539
103	164	282438.5
103	165	638.9574
103	166	3189.03564
103	167	408.65002
103	168	708.49945
103	169	229.64923
103	170	238.37056
103	171	178.13487
103	172	157.66983
103	173	88.25513
103	174	64.17374
103	175	33.35923
103	176	21.69927
103	177	15.69009
103	178	21.85656
103	179	11.26528
103	180	9.94389
103	181	4.37504
103	182	6.2056
103	183	3.19782
103	184	1.96316
103	185	1.18377
103	186	1.48971
103	187	1.43863
103	188	1.26926
103	189	1.39255
103	190	0.18153
103	191	0.26222
103	192	0.20129
103	193	0.16894
103	194	0.1293
103	195	0.09393
103	196	0.08807
103	197	0.06967
103	198	0.05943
103	199	0.0425
103	200	0.04722
103	201	0.03585
103	202	0.03004
103	203	0.0272
103	204	0.02473
103	205	0.01803
103	206	0.01826
103	207	0.01432
103	208	0.01347
103	209	0.01234
103	210	0.01085
103	211	0.00967
103	212	0.00922
103	213	0.00942
103	214	0.00787
103	215	0.00744
103	216	0.00657
103	217	0.00573
103	218	0.00525
103	219	0.00455
103	220	0.0045
103	221	0.00408
103	222	0.00359
103	223	0.003
103	224	0.00296
103	225	0.00248
103	226	0.00242
103	227	0.00232
103	228	0.00218
103	230	0.00187
103	232	0.00166
104	149	0.0103
104	150	0.0228
104	151	1.67
104	152	0.0067599999999999995
104	153	4.5
104	154	0.009810000000000001
104	155	2.5
104	156	0.0217
104	157	70.0
104	167	60534.21484
104	169	27573.56641
104	171	14804.59766
104	173	2434.47266
104	174	19377.61523
104	175	611.84735
104	176	593.15784
104	177	35.6825
104	178	237.0687
104	179	42.44972
104	180	72.80769
104	181	50.76675
104	182	35.38553
104	183	29.76078
104	184	17.01208
104	185	4.7875
104	186	7.15187
104	187	3.47415
104	189	2.66701
104	190	0.42788
104	191	0.6423
104	192	0.51715
104	193	0.41089
104	194	0.30287
104	195	0.19064
104	196	0.18608
104	197	0.12898
104	198	0.11507
104	199	0.07831
104	200	0.08757
104	201	0.06947
104	202	0.05092
104	203	0.04483
104	204	0.03657
104	205	0.03043
104	206	0.02679
104	207	0.02343
104	208	0.0218
104	209	0.01818
104	210	0.01723
104	211	0.0124
104	212	0.01117
104	213	0.01052
104	214	0.01057
104	215	0.01017
104	216	0.0095
104	217	0.00862
104	218	0.00736
104	219	0.00628
104	220	0.00595
104	221	0.00533
104	222	0.00485
104	223	0.00398
104	224	0.0039
104	225	0.00318
104	226	0.00304
104	228	0.00268
104	230	0.00231
104	232	0.00207
104	234	0.00172
105	151	1.9
105	152	2.3
105	153	2.08
105	154	0.51
105	155	1.51
105	156	4.1
105	157	34.4
105	158	27.0
105	163	95040.0
105	165	95185.57813
105	167	19277.96875
105	168	8040093.0
105	169	6581.63525
105	170	55974.44922
105	171	3650.88501
105	172	6096.9248
105	173	1128.66895
105	174	1087.63342
105	175	325.41278
105	176	199.78951
105	177	81.12572
105	178	31.17786
105	179	41.40593
105	180	18.7443
105	181	16.48919
105	182	14.60963
105	183	13.07887
105	184	7.12008
105	185	3.40142
105	186	4.76101
105	188	3.53136
105	189	3.23491
105	190	0.42055
105	191	0.72001
105	192	0.92736
105	193	0.68729
105	194	0.4724
105	195	0.3006
105	196	0.30828
105	197	0.16221
105	198	0.17579
105	199	0.12362
105	200	0.1142
105	201	0.09226
105	202	0.07077
105	203	0.06048
105	204	0.04724
105	205	0.03873
105	206	0.03208
105	207	0.02931
105	208	0.02532
105	209	0.01911
105	210	0.01836
105	211	0.0167
105	212	0.0124
105	213	0.01183
105	214	0.01061
105	215	0.00952
105	216	0.00972
105	217	0.00991
105	218	0.00828
105	219	0.00763
105	220	0.00703
105	221	0.00635
105	222	0.00556
105	223	0.00461
105	224	0.00439
105	225	0.00361
105	226	0.00356
105	227	0.00333
105	228	0.00307
105	229	0.00287
105	230	0.00274
105	231	0.00251
105	232	0.00238
105	233	0.00216
105	234	0.00198
106	152	0.0027
106	153	0.4
106	154	0.00483
106	155	0.183
106	156	0.0114
106	157	0.9
106	158	0.06
106	159	16.0
106	161	84.0
106	163	127.8
106	165	96.0
106	173	960901.5625
106	175	13309.2959
106	176	66194.36719
106	177	832.88196
106	178	8622.30957
106	179	360.3934
106	180	770.91711
106	181	221.12378
106	182	220.63196
106	183	97.91917
106	184	55.14929
106	185	11.38777
106	186	20.02386
106	187	8.27466
106	188	9.96619
106	189	7.43166
106	191	1.17198
106	192	1.91825
106	193	1.65188
106	194	1.08761
106	195	0.57164
106	196	0.66213
106	197	0.31181
106	198	0.32166
106	199	0.22955
106	200	0.21397
106	201	0.1524
106	202	0.10903
106	203	0.09319
106	204	0.08409
106	205	0.0695
106	206	0.0535
106	207	0.04414
106	208	0.03866
106	209	0.03627
106	210	0.02922
106	211	0.024
106	212	0.02256
106	213	0.01857
106	214	0.01512
106	215	0.01494
106	216	0.01384
106	217	0.01228
106	218	0.01231
106	219	0.01159
106	220	0.01041
106	221	0.00897
106	222	0.00778
106	223	0.00674
106	224	0.00616
106	225	0.00491
106	226	0.00491
106	227	0.00441
106	228	0.00416
106	229	0.00385
106	230	0.0035
106	231	0.00318
106	232	0.00316
107	153	0.035
107	154	0.0117
107	155	0.088
107	157	0.99
107	158	0.94
107	159	10.0
107	160	16.0
107	163	60.0
107	164	1.5
107	165	9.4
107	167	44.0
107	169	2659890.0
107	171	1140.0
107	173	15639.12793
107	174	88395.86719
107	175	2900.82031
107	176	1943.45532
107	177	401.61395
107	178	122.49299
107	179	73.79029
107	180	74.29739
107	181	88.45963
107	182	67.25742
107	183	47.53393
107	184	27.33894
107	185	9.25236
107	186	15.45
107	187	8.49393
107	188	9.32122
107	192	2.03356
107	193	3.16336
107	194	1.85813
107	195	0.83559
107	196	1.03596
107	197	0.4651
107	198	0.5741
107	199	0.37229
107	200	0.36462
107	201	0.25063
107	202	0.17525
107	203	0.13814
107	204	0.11551
107	205	0.08249
107	206	0.0792
107	207	0.05135
107	208	0.05599
107	209	0.04506
107	210	0.04199
107	211	0.03274
107	212	0.02873
107	213	0.02527
107	214	0.02014
107	215	0.01797
107	216	0.01788
107	217	0.01597
107	218	0.01388
107	219	0.01379
107	220	0.01296
107	221	0.01167
107	222	0.00992
107	223	0.0084
107	224	0.00762
107	225	0.00617
107	226	0.00594
107	227	0.00534
107	228	0.00478
107	229	0.00306
107	230	0.00306
107	231	0.0027
107	232	0.00304
108	155	0.00074
108	156	0.00063
108	157	0.0019
108	158	0.0029700000000000004
108	159	0.053
108	160	0.4
108	161	13.0
108	162	7.6
108	165	0.51
108	167	0.2
108	177	69316.70313
108	179	5942.77246
108	180	759682.125
108	181	1773.29456
108	182	4054.21582
108	183	455.71072
108	184	364.85632
108	185	30.07219
108	186	84.46638
108	187	22.84481
108	188	34.38169
108	191	16.46529
108	192	3.85523
108	193	7.58404
108	194	6.80621
108	195	2.07961
108	196	2.73462
108	197	0.96514
108	198	1.32287
108	199	0.71426
108	200	0.7656
108	201	0.50746
108	202	0.35466
108	203	0.30223
108	204	0.22718
108	205	0.15923
108	206	0.17122
108	207	0.09601
108	208	0.10816
108	209	0.07325
108	210	0.06878
108	211	0.05091
108	212	0.04597
108	213	0.04151
108	214	0.03378
108	215	0.0317
108	216	0.02723
108	217	0.02754
108	218	0.02355
108	219	0.02116
108	220	0.01747
108	221	0.01539
108	222	0.01368
108	223	0.01131
108	224	0.01005
108	225	0.00797
108	226	0.00731
108	227	0.00684
108	228	0.0043
108	229	0.00291
108	230	0.00399
108	231	0.00328
109	157	0.0021000000000000003
109	159	0.021
109	161	0.48
109	165	0.44
109	166	0.02
109	167	0.62
109	169	4.5
109	175	77767.65625
109	176	1704396.25
109	177	3874.30884
109	178	2288.44556
109	179	1287.94653
109	180	1332.02075
109	181	450.68591
109	182	366.53433
109	183	177.15753
109	184	109.20407
109	185	21.48732
109	186	40.5345
109	187	16.25423
109	188	25.65783
109	189	16.92707
109	190	20.49954
109	191	16.46745
109	192	13.98596
109	193	7.21388
109	194	8.6942
109	195	2.97072
109	196	4.49568
109	197	1.48871
109	198	2.18432
109	199	1.11919
109	200	1.1856
109	201	0.8544
109	202	0.55255
109	203	0.50401
109	204	0.34842
109	205	0.16964
109	206	0.16639
109	207	0.11726
109	208	0.12215
109	209	0.08952
109	210	0.08228
109	211	0.06442
109	212	0.05778
109	213	0.05022
109	214	0.03735
109	215	0.0384
109	216	0.02934
109	217	0.03022
109	218	0.02675
109	219	0.0239
109	220	0.02065
109	221	0.01872
109	222	0.01618
109	223	0.01347
109	224	0.01173
109	225	0.00916
109	226	0.00882
109	227	0.00809
109	228	0.00506
109	229	0.00324
109	230	0.00452
110	157	0.003
110	159	0.18
110	160	0.00019
110	161	0.0016
110	163	0.19
110	167	0.0035
110	169	0.216
110	171	12.0
110	172	66.0
110	181	55471.49219
110	183	4162.81348
110	184	19696.09961
110	185	128.05765
110	186	656.71228
110	187	53.04171
110	188	150.91782
110	189	46.39981
110	190	89.1339
110	191	51.30637
110	192	72.42075
110	193	10.79106
110	194	24.76368
110	195	6.15994
110	196	14.11309
110	197	3.31477
110	198	5.35626
110	199	2.2296
110	200	2.72134
110	201	1.68532
110	202	1.06666
110	203	0.94102
110	204	0.72252
110	205	0.39426
110	206	0.39391
110	207	0.23896
110	208	0.2778
110	209	0.18205
110	210	0.16315
110	211	0.12894
110	212	0.1217
110	213	0.10514
110	214	0.07532
110	215	0.08728
110	216	0.06771
110	217	0.04943
110	218	0.04692
110	219	0.03798
110	220	0.03486
110	221	0.03112
110	222	0.02617
110	223	0.0207
110	224	0.01814
110	225	0.02129
110	226	0.01431
110	227	0.00861
110	228	0.00646
110	229	0.00396
111	161	0.0038
111	163	0.012
111	167	0.004200000000000001
111	168	0.09
111	169	3.87
111	170	11.0
111	171	100.0
111	177	2154392.0
111	179	24498.47266
111	180	185784.70313
111	181	3835.31323
111	182	4169.07324
111	183	880.15558
111	184	653.1734
111	185	73.8661
111	186	171.32475
111	187	33.84969
111	188	78.24803
111	189	27.3211
111	190	51.09248
111	191	27.37561
111	192	39.94117
111	193	34.7458
111	194	10.2897
111	195	10.80606
111	196	0.18421
111	197	2.89555
111	198	3.29701
111	199	5.29791
111	200	2.26129
111	201	1.63375
111	202	1.02381
111	203	0.8448
111	204	0.71456
111	205	0.43914
111	206	0.62688
111	207	0.31758
111	208	0.39433
111	209	0.26528
111	210	0.22413
111	211	0.16851
111	212	0.15507
111	213	0.14571
111	214	0.13221
111	215	0.11823
111	216	0.09189
111	217	0.06903
111	218	0.06264
111	219	0.0484
111	220	0.0431
111	221	0.03775
111	222	0.03199
111	223	0.02749
111	224	0.01375
111	225	0.01232
111	226	0.00958
111	227	0.00884
111	228	0.00721
112	165	0.00061
112	169	0.18
112	170	0.00098
112	171	4.6
112	172	0.121
112	173	33.0
112	174	660.0
112	185	1361.60815
112	187	272.20056
112	188	11714.38867
112	189	148.95108
112	190	1051.07092
112	191	107.20804
112	192	476.36295
112	193	96.29328
112	194	175.19937
112	195	111883.38281
112	196	237.03755
112	197	23.05458
112	198	0.26948
112	199	16.54494
112	200	11.44501
112	201	7.01865
112	202	4.3067
112	203	2.74437
112	204	2.34154
112	205	0.95455
112	206	1.2842
112	207	0.55129
112	208	0.73795
112	209	0.44194
112	210	0.38968
112	211	0.29538
112	212	0.26533
112	213	0.25173
112	214	0.18374
112	215	0.17016
112	216	0.15327
112	217	0.13965
112	218	0.10536
112	219	0.06723
112	220	0.06332
112	221	0.04929
112	222	0.04465
112	223	0.02733
112	224	0.02369
112	225	0.01685
112	226	0.01208
112	227	0.01405
113	165	1.4
113	169	0.073
113	170	0.07
113	171	0.82
113	172	2.1
113	173	9.5
113	177	2.0
113	181	248825.07813
113	183	12942.2959
113	184	51452.67188
113	185	483.05829
113	186	2719.64331
113	187	139.5468
113	188	731.91516
113	189	81.03743
113	190	263.24844
113	191	57.44518
113	192	141.28107
113	193	60.8882
113	194	156.99998
113	195	26.3215
113	196	71.96328
113	197	22977.95703
113	198	0.3864
113	199	0.22179
113	200	5.2416
113	201	5.13458
113	202	3.56568
113	203	2.34781
113	204	2.07082
113	205	1.59257
113	206	1.917
113	207	0.81133
113	208	1.14404
113	209	0.64451
113	210	0.63873
113	211	0.42391
113	212	0.45789
113	213	0.46007
113	214	0.27833
113	215	0.2458
113	216	0.19491
113	217	0.16943
113	218	0.12855
113	219	0.09262
113	220	0.0875
113	221	0.06232
113	222	0.04379
113	223	0.0404
113	224	0.03068
113	225	0.02085
113	226	0.01745
114	170	0.0025
114	171	0.1
114	172	0.121
114	173	0.4
114	174	0.64
114	175	2.4
114	176	19.0
114	187	26745.99609
114	189	4667.69922
114	191	1574.03064
114	193	521.10852
114	194	16860.08789
114	195	301.46994
114	196	2306.00708
114	198	88.59032
114	199	0.57168
114	200	105.4501
114	201	45.98071
114	202	29.63174
114	203	14.76781
114	204	11.28284
114	205	3.16598
114	206	4.68445
114	207	1.52371
114	208	2.1955
114	209	0.94907
114	210	1.20789
114	211	0.6608
114	212	2.00334
114	213	0.62113
114	214	0.81653
114	215	0.49419
114	216	0.34622
114	217	0.27996
114	218	0.20513
114	219	0.11958
114	220	0.12076
114	221	0.09742
114	222	0.0291
114	223	0.05725
114	224	0.02583
114	225	0.03633
115	172	0.037
115	173	0.199
115	174	0.277
115	175	0.65
115	185	275335.46875
115	187	10303.81152
115	189	3961.98877
115	191	2301.8269
115	192	81184.14844
115	193	885.48114
115	194	1593.03271
115	195	285.8548
115	196	725.90314
115	199	224.74655
115	200	0.37747
115	201	20.9739
115	202	12.94876
115	203	5.8298
115	204	4.18951
115	205	2.52255
115	206	2.69748
115	207	1.69375
115	208	1.56574
115	209	0.67194
115	210	2.5785
115	211	1.36692
115	212	2.01516
115	213	2.00627
115	214	1.49573
115	215	0.86355
115	216	0.64027
115	217	0.41648
115	218	0.33944
115	219	0.17943
115	220	0.20448
115	221	0.14498
115	222	0.0851
115	223	0.09173
115	224	0.036
116	174	0.0083
116	175	0.019
116	176	0.0128
116	177	0.095
116	193	163383.03125
116	195	20359.71289
116	197	5570.45996
116	198	0.3613
116	199	37.4548
116	200	1.35871
116	201	594.34363
116	202	1572.8103
116	203	129.82033
116	204	136.0544
116	205	9.85527
116	206	31.0763
116	207	118.60353
116	208	8.68209
116	209	2.85227
116	210	6.67752
116	211	3.94458
116	212	7.57889
116	213	4.23614
116	214	4.29967
116	215	1.51086
116	216	1.89388
116	217	1.04496
116	218	0.89804
116	219	0.37301
116	220	0.55549
116	221	0.32385
116	222	0.14622
116	223	0.18022
117	176	0.021
117	177	0.051000000000000004
117	189	1214442.375
117	191	20513.93359
117	193	4819.8584
117	194	15939.36035
117	195	1295.79834
117	196	2321.72485
117	198	2205.72705
117	199	119.46441
117	200	1.07642
117	201	129.36073
117	202	120.45725
117	203	28.32104
117	204	21.96957
117	205	8.66345
117	206	22.33823
117	207	48.59685
117	208	24.21321
117	209	7.88216
117	210	2.39916
117	211	1.41838
117	212	7.42553
117	213	6.23484
117	214	1.31246
117	215	0.64106
117	216	0.79542
117	217	0.9642
117	218	1.94239
117	219	1.16205
117	220	0.99451
117	221	0.57553
117	222	0.34435
118	176	0.00058
118	205	182.27069
118	206	670.38293
118	207	105.6643
118	208	142.74162
118	209	46.2281
118	210	818.086
118	211	14.86372
118	212	10.11497
118	213	6.11276
118	214	5.08048
118	215	2.48288
118	216	2.33724
118	217	1.19491
118	218	2.23617
118	219	2.56644
118	220	4.08572
118	221	1.83775
119	193	5292982.5
119	195	61575.89453
119	197	6919.22119
119	198	382923.3125
119	199	2168.11011
119	200	9624.03711
119	201	1354.77148
119	202	2007.86987
119	203	437.1279
119	204	704.45734
119	205	231.73766
119	206	227.92636
119	207	108.61047
119	208	70.64791
119	209	21.32565
119	210	136.59186
119	211	26.77451
119	212	19.81239
119	213	10.79714
119	214	8.02661
119	215	5.34881
119	216	3.96138
119	217	2.57903
119	218	2.14034
119	219	1.51421
119	220	3.90753
120	203	358810.78125
120	205	11638.59766
120	207	977.92255
120	208	37239.39453
120	209	360.73615
120	210	1373.69885
120	211	221.78883
120	212	487.80099
120	213	88.05603
120	214	92.66544
120	215	28.40315
120	216	26.42794
120	217	9.40443
120	218	10.08263
120	219	4.32055
121	199	6190962.0
121	201	26028.36133
121	203	3574.34009
121	204	94.00836
121	205	1546.13123
121	206	6974.87891
121	207	903.86542
121	208	1580.4895
121	209	341.54926
121	210	233307.28125
121	211	125.00349
121	212	163.54492
121	213	68.42496
121	214	60.58251
121	215	28.3337
121	216	24.78078
121	217	11.78724
121	218	10.72059
122	207	1300870.875
122	209	4324.01318
122	213	658.75623
122	214	6844.93555
122	215	193.60197
122	216	479.12445
122	217	49.98396
123	191	69074.60156
123	198	11.93097
123	203	888.09094
123	204	1512.64075
123	205	484.40637
123	206	1138.70483
123	207	886.21106
123	208	32548.91211
123	209	1478.89905
123	210	857.61987
123	211	33490.64453
123	212	1441.91663
123	213	282.17255
123	215	89.90894
123	216	76.39865
124	198	18.58753
124	213	7391.01904
125	194	1252920.0
125	195	4171.68408
125	198	7.42888
125	199	5.89608
125	200	2.77815
125	207	185397.48438
125	209	1443.97888
125	211	5089.06104
125	212	3521.354
125	213	24503.30078
125	214	432.13568
126	200	5.43422
127	200	0.54148
127	201	0.07499
127	211	223500.4375
