#nucid	Z	A	liso	energy_[keV]	D_energy_[keV]	beta-_%	D_beta-	Qb	D_Qb	Qb1n	D_Qb1n	Qb2n	D_Qb2n	Qb3n	D_Qb3n	T12	D_T12	P1n	D_P1n	P2n	D_P2n	P3n	D_P3n	Neueff_1n	lowerEff	upperEff	Neueff_2n	lowerEff	upperEff	D_T12_Hi	D_P1n_Hi	D_P2n_Hi	b_br	D_b_br	D_b_br_Hi	a_br	D_a_br	D_a_br_Hi
238Th	90	238	0	0	0	100	0	1631	284	-3074	284	-8951.55	284.784	0	0	564	120	0	0	0	0	0	0	0.668	0.02	0.02	0.668	0.02	0.02	120	0	0	100	0	0	0	0	0
235Th	90	235	0	0	0	100	0	1728.85	19.1127	-4392.43	13.6685	-9614.29	23.713	0	0	432	6	0	0	0	0	0	0	0.668	0.02	0.02	0.668	0.02	0.02	6	0	0	100	0	0	0	0	0
234Th	90	234	0	0	0	100	0	274.088	3.1716	-4947.77	2.5322	-11476.2	9.1479	0	0	2.08284e+06	1987.2	0	0	0	0	0	0	0.668	0.02	0.02	0.668	0.02	0.02	1987.2	0	0	100	0	0	0	0	0
237Th	90	237	0	0	0	100	0	2427.47	20.514	-3450.18	21.1184	-8476.44	28.0378	0	0	287.4	30	0	0	0	0	0	0	0.668	0.02	0.02	0.668	0.02	0.02	30	0	0	100	0	0	0	0	0
236Th	90	236	0	0	0	100	0	921.248	19.76	-4105.02	19.76	-10226.3	24.5448	0	0	2250	12	0	0	0	0	0	0	0.668	0.02	0.02	0.668	0.02	0.02	12	0	0	100	0	0	0	0	0
231Th	90	231	0	0	0	100	0	391.473	1.4598	-6429.05	2.8401	-12223.7	3.20087	0	0	91872	36	0	0	0	0	0	0	0.668	0.02	0.02	0.668	0.02	0.02	36	0	0	100	0	0	0	0	0
233Th	90	233	0	0	0	100	0	1242.23	1.1224	-5286.22	7.7342	-10835.3	2.00542	0	0	1309.8	2.4	0	0	0	0	0	0	0.668	0.02	0.02	0.668	0.02	0.02	2.4	0	0	100	0	0	0	0	0
228Th	90	228	0	0	0	100	0	-2152.7	4.3399	-8130.79	7.372	-15405.3	12.7064	0	0	6.03242e+07	31556.9	0	0	0	0	0	0	0.668	0.02	0.02	0.668	0.02	0.02	31556.9	0	0	0	0	0	100	0	0
227Th	90	227	0	0	0	100	0	-1025.61	7.2815	-8300.16	11.3809	-14694.5	82.4997	0	0	1.61513e+06	311.04	0	0	0	0	0	0	0.668	0.02	0.02	0.668	0.02	0.02	311.04	0	0	0	0	0	100	0	0
224Th	90	224	0	0	0	100	0	-3866.77	12.1339	-10413.4	76.222	-18211.4	87.7658	0	0	1.04	0.02	0	0	0	0	0	0	0.668	0.02	0.02	0.668	0.02	0.02	0.02	0	0	0	0	0	100	0	0
223Th	90	223	0	0	0	100	0	-2952.21	76.0305	-10750.3	86.9546	-17132.2	122.579	0	0	0.6	0.02	0	0	0	0	0	0	0.668	0.02	0.02	0.668	0.02	0.02	0.02	0	0	0	0	0	100	0	0
226Th	90	226	0	0	0	100	0	-2835.95	11.9702	-9230.31	81.9738	-16807.3	17.9683	0	0	1841.4	1.8	0	0	0	0	0	0	0.668	0.02	0.02	0.668	0.02	0.02	1.8	0	0	0	0	0	100	0	0
225Th	90	225	0	0	0	100	0	-2046.45	82.0038	-9623.48	8.9473	-16170.1	138.359	0	0	523.2	2.4	0	0	0	0	0	0	0.668	0.02	0.02	0.668	0.02	0.02	2.4	0	0	0	0	0	90	0	0
220Th	90	220	0	0	0	100	0	-5588.86	20.0508	-11965	71.0347	-20102.7	30.578	0	0	0.0102	0.0003	0	0	0	0	0	0	0.668	0.02	0.02	0.668	0.02	0.02	0.0003	0	0	0	0	0	100	0	0
222Th	90	222	0	0	0	100	0	-4861.32	87.1915	-11243.2	60.2435	-19218	123.765	0	0	0.00197	1.4e-05	0	0	0	0	0	0	0.668	0.02	0.02	0.668	0.02	0.02	1.4e-05	0	0	0	0	0	100	0	0
221Th	90	221	0	0	0	100	0	-3435.01	59.9069	-11409.8	16.6918	-17785.9	109.423	0	0	0.00173	3e-05	0	0	0	0	0	0	0.668	0.02	0.02	0.668	0.02	0.02	3e-05	0	0	0	0	0	100	0	0
217Th	90	217	0	0	0	100	0	-4848.97	16.3966	-13689.3	26.835	-21741.4	84.9888	0	0	0.254	0.002	0	0	0	0	0	0	0.668	0.02	0.02	0.668	0.02	0.02	0.002	0	0	0	0	0	100	0	0
216Th	90	216	0	0	0	100	0	-7525.26	27.0327	-15577.3	83.1944	-25304	89.0675	0	0	0.026	0.0002	0	0	0	0	0	0	0.668	0.02	0.02	0.668	0.02	0.02	0.0002	0	0	0	0	0	100	0	0
219Th	90	219	0	0	0	100	0	-4120.44	89.701	-12258.1	59.2112	-18734.6	114.281	0	0	0.00102	2e-05	0	0	0	0	0	0	0.668	0.02	0.02	0.668	0.02	0.02	2e-05	0	0	0	0	0	100	0	0
218Th	90	218	0	0	0	100	0	-6282.82	20.7132	-12759.3	16.3326	-21599.7	36.81	0	0	1.21e-07	6e-09	0	0	0	0	0	0	0.668	0.02	0.02	0.668	0.02	0.02	6e-09	0	0	0	0	0	100	0	0
215Th	90	215	0	0	0	100	0	-6883.1	82.6932	-16609.8	81.455	-24875.4	130.018	0	0	1.4	0.2	0	0	0	0	0	0	0.668	0.02	0.02	0.668	0.02	0.02	0.2	0	0	0	0	0	100	0	0
214Th	90	214	0	0	0	100	0	-8764.96	81.9051	-17030.6	58.1551	-27044.2	144.837	0	0	0.1	0.01	0	0	0	0	0	0	0.668	0.02	0.02	0.668	0.02	0.02	0.01	0	0	0	0	0	100	0	0
214Tl	81	214	0	0	0	100	0	6648	196	1597	196	-2128.73	196.01	0	0	11	2.4	34	12	0	0	0	0	0.66695	0.0203942	0.0200154	0.668	0.02	0.02	2.4	12	0	100	0	0	0	0	0
215Tl	81	215	0	0	0	100	0	5688	305	2142	300	-2908.79	309.595	0	0	9.7	3.8	4.6	4.6	0	0	0	0	0.666419	0.0213574	0.020038	0.668	0.02	0.02	3.8	4.6	0	100	0	0	0	0	0
212Tl	81	212	0	0	0	100	0	5998	200	871	200	-2965.14	200.011	0	0	30.9	8	1.8	1.8	0	0	0	0	0.668	0.02	0.02	0.668	0.02	0.02	8	1.8	0	100	0	0	0	0	0
213Tl	81	213	0	0	0	100	0	4987.41	27.8941	1261.42	27.0759	-3865.81	28.797	0	0	23.8	4.4	7.6	3.4	0	0	0	0	0.668	0.02	0.02	0.668	0.02	0.02	4.4	3.4	0	100	0	0	0	0	0
211Tl	81	211	0	0	0	100	0	4415.01	41.9781	579.112	41.9422	-4606.06	42.0679	0	0	79.6	15.2	2.2	2.2	0	0	0	0	0.668	0.02	0.02	0.668	0.02	0.02	15.4	2.2	0	100	0	0	0	0	0
209Tl	81	209	0	0	0	100	0	3969.78	6.2115	32.4083	6.14	-7335.46	6.35515	0	0	129.72	0.42	0	0	0	0	0	0	0.668	0.02	0.02	0.668	0.02	0.02	0.42	0	0	100	0	0	0	0	0
210Tl	81	210	0	0	0	100	0	5481.43	11.561	296.26	11.6204	-3641.11	11.5974	0	0	78	1.8	0.007	0.004	0	0	0	0	0.668	0.02	0.02	0.668	0.02	0.02	1.8	0.007	0	100	0	0	0	0	0
207Tl	81	207	0	0	0	100	0	1417.53	5.4024	-5320.25	5.4025	-13406.9	5.40357	0	0	286.2	0.6	0	0	0	0	0	0	0.668	0.02	0.02	0.668	0.02	0.02	0.6	0	0	100	0	0	0	0	0
208Tl	81	208	0	0	0	100	0	4998.4	1.6693	-2369.47	1.6698	-9107.25	1.67282	0	0	183.18	0.18	0	0	0	0	0	0	0.668	0.02	0.02	0.668	0.02	0.02	0.18	0	0	100	0	0	0	0	0
206Tl	81	206	0	0	0	100	0	1532.21	0.6117	-6554.45	0.6105	-13286.1	0.624122	0	0	252.12	0.78	0	0	0	0	0	0	0.668	0.02	0.02	0.668	0.02	0.02	0.78	0	0	100	0	0	0	0	0
216Tl	81	216	0	0	0	100	0	7361	361	2457	305	-1089	412.7	0	0	5.9	3.3	0.28	0.252	0	0	0	0	0.665558	0.0219128	0.0201002	0.668	0.02	0.02	3.3	2.52	0	100	0	0	0	0	0
208Po	84	208	0	0	0	100	0	-4999.31	9.0736	-12313	12.5132	-21172.5	18.566	0	0	9.1452e+07	63113.9	0	0	0	0	0	0	0.668	0.02	0.02	0.668	0.02	0.02	63113.9	0	0	0	0	0	99.996	0.0004	0.0004
209Po	84	209	0	0	0	100	0	-3482.24	4.9599	-11967.4	9.0936	-19281.2	14.1766	0	0	3.91306e+09	9.15151e+07	0	0	0	0	0	0	0.668	0.02	0.02	0.668	0.02	0.02	9.15151e+07	0	0	0	0	0	99.545	0.007	0.007
210Po	84	210	0	0	0	100	0	-3980.96	7.6101	-11140.6	4.7701	-19625.8	14.0236	0	0	1.19559e+07	345.6	0	0	0	0	0	0	0.668	0.02	0.02	0.668	0.02	0.02	345.6	0	0	0	0	0	100	0	0
211Po	84	211	0	0	0	100	0	-785.301	2.5385	-8531.71	7.6274	-15691.4	5.94529	0	0	0.516	0.003	0	0	0	0	0	0	0.668	0.02	0.02	0.668	0.02	0.02	0.003	0	0	0	0	0	100	0	0
212Po	84	212	0	0	0	100	0	-1741.26	2.1066	-6793.54	2.4899	-14539.9	8.17064	0	0	2.95e-07	4e-10	0	0	0	0	0	0	0.668	0.02	0.02	0.668	0.02	0.02	4e-10	0	0	0	0	0	100	0	0
213Po	84	213	0	0	0	100	0	-73.9972	5.4646	-6096.69	3.3996	-11149	7.5894	0	0	0.003706	1e-06	0	0	0	0	0	0	0.668	0.02	0.02	0.668	0.02	0.02	1e-06	0	0	0	0	0	100	0	0
214Po	84	214	0	0	0	100	0	-1090.82	3.775	-5961.77	4.7314	-11984.5	5.66363	0	0	0.16348	4e-05	0	0	0	0	0	0	0.668	0.02	0.02	0.668	0.02	0.02	4e-05	0	0	0	0	0	100	0	0
215Po	84	215	0	0	0	100	0	714.813	6.6491	-5233.94	4.4488	-10104.9	10.5077	0	0	0.001781	3e-06	0	0	0	0	0	0	0.668	0.02	0.02	0.668	0.02	0.02	3e-06	0	0	0.00023	2e-05	2e-05	99.9998	2e-05	2e-05
216Po	84	216	0	0	0	100	0	-474.342	3.5713	-5032.4	6.7496	-10981.1	6.28092	0	0	0.144	0.0006	0	0	0	0	0	0	0.668	0.02	0.02	0.668	0.02	0.02	0.0006	0	0	0	0	0	100	0	0
217Po	84	217	0	0	0	100	0	1488.85	7.9791	-4444.54	7.3786	-9002.6	11.4132	0	0	1.53	0.05	0	0	0	0	0	0	0.668	0.02	0.02	0.668	0.02	0.02	0.05	0	0	2.5	2.5	2.5	97.5	2.5	2.5
218Po	84	218	0	0	0	100	0	256.433	11.549	-4109.26	5.1835	-10042.7	16.6317	0	0	185.82	0.6	0	0	0	0	0	0	0.668	0.02	0.02	0.668	0.02	0.02	0.6	0	0	0.022	0.003	0.003	99.978	0.003	0.003
219Po	84	219	0	0	0	100	0	2285.34	16.1628	-3490.18	19.5726	-7855.87	17.1228	0	0	619.8	58.8	0	0	0	0	0	0	0.668	0.02	0.02	0.668	0.02	0.02	58.8	0	0	71.8	2	2	28.2	2	2
221Po	84	221	0	0	0	100	0	2991.03	24.039	-2673.31	24.039	-6764.9	27.9925	0	0	112.2	28.2	0	0	0	0	0	0	0.668	0.02	0.02	0.668	0.02	0.02	58.2	0	0	100	0	0	0	0	0
222Po	84	222	0	0	0	100	0	1533.24	43.0709	-2367.78	42.4214	-8032.12	47.9697	0	0	145.2	66	0	0	0	0	0	0	0.668	0.02	0.02	0.668	0.02	0.02	694.2	0	0	100	0	0	0	0	0
204Au	79	204	0	0	0	100	0	4300	200	-3192	200	-9187.47	200.001	0	0	38.4	0.8	0	0	0	0	0	0	0.668	0.02	0.02	0.668	0.02	0.02	0.8	0	0	100	0	0	0	0	0
205Au	79	205	0	0	0	100	0	3717	200	-1951	200	-9444.15	200.034	0	0	32	1.1	0	0	0	0	0	0	0.668	0.02	0.02	0.668	0.02	0.02	1.1	0	0	100	0	0	0	0	0
203Au	79	203	0	0	0	100	0	2125.76	3.4514	-3869.45	3.1299	-11623.6	3.79628	0	0	60	6	0	0	0	0	0	0	0.668	0.02	0.02	0.668	0.02	0.02	6	0	0	100	0	0	0	0	0
206Au	79	206	0	0	0	100	0	6755	301	26	300	-5643.22	301.693	0	0	47	11.2	0	0	0	0	0	0	0.668	0.02	0.02	0.668	0.02	0.02	11.2	0	0	100	0	0	0	0	0
225Ra	88	225	0	0	0	100	0	355.739	5.0067	-6312.42	4.7218	-11974.6	9.67397	0	0	1.27872e+06	17280	0	0	0	0	0	0	0.668	0.02	0.02	0.668	0.02	0.02	17280	0	0	100	0	0	0	0	0
224Ra	88	224	0	0	0	100	0	-1408.32	4.0869	-7070.54	7.0615	-13938.6	7.31854	0	0	313744	103.68	0	0	0	0	0	0	0.668	0.02	0.02	0.668	0.02	0.02	103.68	0	0	0	0	0	100	0	0
227Ra	88	227	0	0	0	100	0	1327.95	2.2622	-5203.06	3.2841	-10602.5	5.20816	0	0	2532	30	0	0	0	0	0	0	0.668	0.02	0.02	0.668	0.02	0.02	30	0	0	100	0	0	0	0	0
219Ra	88	219	0	0	0	100	0	-2175.7	51.9016	-9528.31	57.9952	-15451.1	73.9503	0	0	0.009	0.002	0	0	0	0	0	0	0.668	0.02	0.02	0.668	0.02	0.02	0.002	0	0	0	0	0	100	0	0
218Ra	88	218	0	0	0	100	0	-4205.29	58.4224	-10128.1	14.8695	-17646.8	82.5707	0	0	0.02591	0.00014	0	0	0	0	0	0	0.668	0.02	0.02	0.668	0.02	0.02	0.00014	0	0	0	0	0	100	0	0
221Ra	88	221	0	0	0	100	0	-1567.17	57.0591	-8851.2	7.4535	-14748.3	95.6019	0	0	16	2	0	0	0	0	0	0	0.668	0.02	0.02	0.668	0.02	0.02	2	0	0	0	0	0	100	0	0
220Ra	88	220	0	0	0	100	0	-3471.66	9.6266	-9368.78	52.0099	-16721.4	58.7136	0	0	0.018	0.002	0	0	0	0	0	0	0.668	0.02	0.02	0.668	0.02	0.02	0.002	0	0	0	0	0	100	0	0
223Ra	88	223	0	0	0	100	0	-591.81	6.9657	-7459.87	5.0882	-13440.4	57.7305	0	0	988001	86.4	0	0	0	0	0	0	0.668	0.02	0.02	0.668	0.02	0.02	86.4	0	0	0	0	0	100	0	0
222Ra	88	222	0	0	0	100	0	-2301.59	6.2737	-8282.16	57.0529	-15566.2	9.76167	0	0	33.6	0.4	0	0	0	0	0	0	0.668	0.02	0.02	0.668	0.02	0.02	0.4	0	0	0	0	0	100	0	0
214Ra	88	214	0	0	0	100	0	-6340.53	14.5317	-14119.6	12.7899	-23349.5	29.5583	0	0	2.438	0.016	0	0	0	0	0	0	0.668	0.02	0.02	0.668	0.02	0.02	0.016	0	0	0	0	0	99.94	0.004	0.004
213Ra	88	213	0	0	0	100	0	-5795.47	15.2463	-15025.4	23.9852	-22940.6	57.0777	0	0	163.8	3	0	0	0	0	0	0	0.668	0.02	0.02	0.668	0.02	0.02	3	0	0	0	0	0	86	2	2
216Ra	88	216	0	0	0	100	0	-4858.27	12.2147	-10810.4	14.7595	-19284.4	20.4392	0	0	1.72e-07	7e-09	0	0	0	0	0	0	0.668	0.02	0.02	0.668	0.02	0.02	7e-09	0	0	0	0	0	100	0	0
215Ra	88	215	0	0	0	100	0	-3498.56	14.3395	-11972.6	15.3395	-19751.7	22.2395	0	0	0.00168	1e-05	0	0	0	0	0	0	0.668	0.02	0.02	0.668	0.02	0.02	1e-05	0	0	0	0	0	100	0	0
217Ra	88	217	0	0	0	100	0	-2812.79	13.2129	-10331.5	11.6095	-16283.7	21.3164	0	0	0.00159	0.00014	0	0	0	0	0	0	0.668	0.02	0.02	0.668	0.02	0.02	0.00014	0	0	0	0	0	100	0	0
212Ra	88	212	0	0	0	100	0	-7498.36	24.1666	-15413.6	54.7218	-25105.5	70.2332	0	0	13	0.2	0	0	0	0	0	0	0.668	0.02	0.02	0.668	0.02	0.02	0.2	0	0	0	0	0	100	0	0
228Ra	88	228	0	0	0	100	0	45.5402	0.6344	-4980.64	2.3398	-11511.6	3.50666	0	0	1.81452e+08	946708	0	0	0	0	0	0	0.668	0.02	0.02	0.668	0.02	0.02	946708	0	0	100	0	0	0	0	0
230Ra	88	230	0	0	0	100	0	677.92	18.8884	-4244.95	15.895	-10521	24.7369	0	0	5580	120	0	0	0	0	0	0	0.668	0.02	0.02	0.668	0.02	0.02	120	0	0	100	0	0	0	0	0
229Ra	88	229	0	0	0	100	0	1872.03	19.6229	-4404.01	15.5821	-9430.19	23.1389	0	0	240	12	0	0	0	0	0	0	0.668	0.02	0.02	0.668	0.02	0.02	12	0	0	100	0	0	0	0	0
232Ra	88	232	0	0	0	100	0	1342.53	15.9313	-3337.22	15.9313	-9484.07	25.9737	0	0	252	48	0	0	0	0	0	0	0.668	0.02	0.02	0.668	0.02	0.02	48	0	0	100	0	0	0	0	0
231Ra	88	231	0	0	0	100	0	2453.64	17.3014	-3693.22	19.4944	-8616.08	24.8202	0	0	103.9	1.3	0	0	0	0	0	0	0.668	0.02	0.02	0.668	0.02	0.02	1.3	0	0	100	0	0	0	0	0
234Ra	88	234	0	0	0	100	0	2089.43	16.2945	-2448.73	15.5032	-8366.43	25.1159	0	0	30	10	0	0	0	0	0	0	0.668	0.02	0.02	0.668	0.02	0.02	10	0	0	100	0	0	0	0	0
233Ra	88	233	0	0	0	100	0	3026.02	15.6228	-2891.68	15.6228	-7571.43	24.1703	0	0	30	5	0	0	0	0	0	0	0.668	0.02	0.02	0.668	0.02	0.02	5	0	0	100	0	0	0	0	0
205Hg	80	205	0	0	0	100	0	1533.08	3.7238	-6012.97	3.6964	-12669	3.76236	0	0	306	6	0	0	0	0	0	0	0.668	0.02	0.02	0.668	0.02	0.02	6	0	0	100	0	0	0	0	0
206Hg	80	206	0	0	0	100	0	1307.57	20.41	-5196.24	20.4097	-12742.3	20.4187	0	0	499.2	7.2	0	0	0	0	0	0	0.668	0.02	0.02	0.668	0.02	0.02	7.2	0	0	100	0	0	0	0	0
207Hg	80	207	0	0	0	100	0	4546.99	30.3	-2305.47	29.8355	-8809.28	30.7807	0	0	174	12	0	0	0	0	0	0	0.668	0.02	0.02	0.668	0.02	0.02	12	0	0	100	0	0	0	0	0
208Hg	80	208	0	0	0	100	0	3484.71	30.7951	-302.289	31.2168	-7154.75	30.8463	0	0	135	10	0	0	0	0	0	0	0.668	0.02	0.02	0.668	0.02	0.02	10	0	0	100	0	0	0	0	0
209Hg	80	209	0	0	0	100	0	5035	150	69	150	-3717.99	150.215	0	0	6.3	1.1	0	0	0	0	0	0	0.668	0.02	0.02	0.668	0.02	0.02	1.1	0	0	100	0	0	0	0	0
210Hg	80	210	0	0	0	100	0	3947	201	273	200	-4692.51	201.339	0	0	63.7	11.6	2.2	2.2	0	0	0	0	0.668	0.02	0.02	0.668	0.02	0.02	11.6	2.2	0	100	0	0	0	0	0
211Hg	80	211	0	0	0	100	0	5688	205	785	201	-2887.84	209.331	0	0	26.4	8.1	6.3	6.3	0	0	0	0	0.668	0.02	0.02	0.668	0.02	0.02	8.1	6.3	0	100	0	0	0	0	0
226Fr	87	226	0	0	0	100	0	3852.96	6.5215	-2543.82	6.7494	-7447.93	6.79516	0	0	49	1	0	0	0	0	0	0	0.668	0.02	0.02	0.668	0.02	0.02	1	0	0	100	0	0	0	0	0
225Fr	87	225	0	0	0	100	0	1827.56	12.1574	-3076.55	12.0886	-9555.28	12.5145	0	0	240	6	0	0	0	0	0	0	0.668	0.02	0.02	0.668	0.02	0.02	6	0	0	100	0	0	0	0	0
224Fr	87	224	0	0	0	100	0	2922.78	11.3237	-3555.95	11.3716	-8714.23	12.2247	0	0	199.8	6	0	0	0	0	0	0	0.668	0.02	0.02	0.668	0.02	0.02	6	0	0	100	0	0	0	0	0
219Fr	87	219	0	0	0	100	0	-776.914	9.5906	-6099.94	11.905	-13415.2	13.6181	0	0	0.022	0.004	0	0	0	0	0	0	0.668	0.02	0.02	0.668	0.02	0.02	0.004	0	0	0	0	0	100	0	0
218Fr	87	218	0	0	0	100	0	413.884	10.5603	-6901.41	8.0626	-12374.7	16.41	0	0	0.0011	0.0003	0	0	0	0	0	0	0.668	0.02	0.02	0.668	0.02	0.02	0.0003	0	0	0	0	0	100	0	0
217Fr	87	217	0	0	0	100	0	-1574.87	9.4723	-7048.12	10.2112	-14360	13.7346	0	0	0.022	0.005	0	0	0	0	0	0	0.668	0.02	0.02	0.668	0.02	0.02	0.005	0	0	0	0	0	100	0	0
223Fr	87	223	0	0	0	100	0	1149.08	0.8476	-4009.19	4.7255	-10724.2	5.06916	0	0	1319.4	4.2	0	0	0	0	0	0	0.668	0.02	0.02	0.668	0.02	0.02	4.2	0	0	99.994	0	0	0.006	0	0
222Fr	87	222	0	0	0	100	0	2057.9	8.6816	-4657.09	8.7732	-10036.6	12.2905	0	0	852	18	0	0	0	0	0	0	0.668	0.02	0.02	0.668	0.02	0.02	18	0	0	100	0	0	0	0	0
221Fr	87	221	0	0	0	100	0	313.374	6.3858	-5066.16	8.9809	-12259.2	10.3047	0	0	288.06	0.54	0	0	0	0	0	0	0.668	0.02	0.02	0.668	0.02	0.02	0.54	0	0	0.005	0.003	0.003	99.995	0.003	0.003
220Fr	87	220	0	0	0	100	0	1210.24	8.4809	-5982.84	7.7906	-11305.9	14.9388	0	0	27.4	0.3	0	0	0	0	0	0	0.668	0.02	0.02	0.668	0.02	0.02	0.3	0	0	0.35	0.05	0.05	99.65	0.05	0.05
216Fr	87	216	0	0	0	100	0	-320.444	8.8904	-7632.29	8.1377	-13264.4	13.0503	0	0	0.0007	2e-05	0	0	0	0	0	0	0.668	0.02	0.02	0.668	0.02	0.02	2e-05	0	0	0	0	0	100	0	0
215Fr	87	215	0	0	0	100	0	-2213.86	9.7691	-7845.92	8.7816	-16170.1	15.6066	0	0	8.9e-08	5e-09	0	0	0	0	0	0	0.668	0.02	0.02	0.668	0.02	0.02	5e-09	0	0	0	0	0	100	0	0
214Fr	87	214	0	0	0	100	0	-1051.07	9.9879	-9375.2	12.9941	-16902.2	15.2363	0	0	0.0055	0.0002	0	0	0	0	0	0	0.668	0.02	0.02	0.668	0.02	0.02	0.0002	0	0	0	0	0	100	0	0
213Fr	87	213	0	0	0	100	0	-3899.76	10.8862	-11426.8	11.2447	-20528.7	15.4783	0	0	34.17	0.06	0	0	0	0	0	0	0.668	0.02	0.02	0.668	0.02	0.02	0.06	0	0	0	0	0	99.45	0.05	0.05
212Fr	87	212	0	0	0	100	0	-3317.24	13.4939	-12419.2	10.0827	-20101.5	19.2462	0	0	1218	36	0	0	0	0	0	0	0.668	0.02	0.02	0.668	0.02	0.02	36	0	0	0	0	0	43	2	2
211Fr	87	211	0	0	0	100	0	-4972.18	12.9786	-12654.5	15.1062	-22141.2	15.0377	0	0	186	1.2	0	0	0	0	0	0	0.668	0.02	0.02	0.668	0.02	0.02	1.2	0	0	0	0	0	87	3	3
230Fr	87	230	0	0	0	100	0	4970.46	12.1984	-1146.51	16.7693	-5596.06	16.087	0	0	19.1	0.5	0	0	0	0	0	0	0.668	0.02	0.02	0.668	0.02	0.02	0.5	0	0	100	0	0	0	0	0
229Fr	87	229	0	0	0	100	0	3106.29	16.2305	-1343.26	5.3522	-7651.85	22.4864	0	0	50.2	0.4	0	0	0	0	0	0	0.668	0.02	0.02	0.668	0.02	0.02	0.4	0	0	100	0	0	0	0	0
228Fr	87	228	0	0	0	100	0	4444.03	7.021	-1864.56	7.0073	-6425.99	7.39407	0	0	38	1	0	0	0	0	0	0	0.668	0.02	0.02	0.668	0.02	0.02	1	0	0	100	0	0	0	0	0
227Fr	87	227	0	0	0	100	0	2504.98	6.2112	-2056.45	6.2053	-8453.23	6.83966	0	0	148.2	1.8	0	0	0	0	0	0	0.668	0.02	0.02	0.668	0.02	0.02	1.8	0	0	100	0	0	0	0	0
233Fr	87	233	0	0	0	100	0	4585.99	21.3694	351.779	21.596	-5439.07	25.6891	0	0	0.9	0.1	0	0	0	0	0	0	0.668	0.02	0.02	0.668	0.02	0.02	0.1	0	0	100	0	0	0	0	0
232Fr	87	232	0	0	0	100	0	5575.88	16.7023	-214.972	18.0139	-4586.11	21.6499	0	0	5.5	0.6	0	0	0	0	0	0	0.668	0.02	0.02	0.668	0.02	0.02	0.6	0	0	100	0	0	0	0	0
231Fr	87	231	0	0	0	100	0	3864.09	13.7495	-507.049	12.8758	-6624.02	23.5954	0	0	17.6	0.5	0	0	0	0	0	0	0.668	0.02	0.02	0.668	0.02	0.02	0.5	0	0	100	0	0	0	0	0
202Pt	78	202	0	0	0	100	0	1660.85	34.2759	-4362.74	25.3554	-11594.7	49.3042	0	0	158400	54000	0	0	0	0	0	0	0.668	0.02	0.02	0.668	0.02	0.02	54000	0	0	100	0	0	0	0	0
203Pt	78	203	0	0	0	100	0	3633	200	-3228	202	-9252.37	200.048	0	0	22	4	0	0	0	0	0	0	0.668	0.02	0.02	0.668	0.02	0.02	4	0	0	100	0	0	0	0	0
204Pt	78	204	0	0	0	100	0	2770	283	-2548	200	-9410	347.117	0	0	10.7	1.3	0	0	0	0	0	0	0.668	0.02	0.02	0.668	0.02	0.02	1.3	0	0	100	0	0	0	0	0
218Bi	83	218	0	0	0	100	0	4859.39	27.0849	-738.732	27.7947	-4708.93	27.1554	0	0	33	1	0	0	0	0	0	0	0.668	0.02	0.02	0.668	0.02	0.02	1	0	0	100	0	0	0	0	0
219Bi	83	219	0	0	0	100	0	3638	201	-108	200	-5706.73	201.729	0	0	8.7	2.9	0	0	0	0	0	0	0.668	0.02	0.02	0.668	0.02	0.02	2.9	0	0	100	0	0	0	0	0
216Bi	83	216	0	0	0	100	0	4091.65	11.3243	-1655.56	11.3773	-5798.68	11.515	0	0	135	3	0	0	0	0	0	0	0.668	0.02	0.02	0.668	0.02	0.02	3	0	0	100	0	0	0	0	0
217Bi	83	217	0	0	0	100	0	2846.51	18.8695	-1123.69	17.7912	-6870.9	20.0271	0	0	98.5	1.3	0	0	0	0	0	0	0.668	0.02	0.02	0.668	0.02	0.02	1.3	0	0	100	0	0	0	0	0
220Bi	83	220	0	0	0	100	0	5696	300	207	300	-3539.83	300.528	0	0	9.5	5.7	0	0	0	0	0	0	0.668	0.02	0.02	0.668	0.02	0.02	5.7	0	0	100	0	0	0	0	0
214Bi	83	214	0	0	0	100	0	3269.19	11.1649	-2618.58	11.5056	-6974.01	11.2033	0	0	1182.6	1.2	0	0	0	0	0	0	0.668	0.02	0.02	0.668	0.02	0.02	1.2	0	0	99.979	0.0013	0.0013	0.021	0.0013	0.0013
215Bi	83	215	0	0	0	100	0	2171.04	5.5297	-1972.07	5.7717	-7859.85	6.60032	0	0	456	12	0	0	0	0	0	0	0.668	0.02	0.02	0.668	0.02	0.02	12	0	0	100	0	0	0	0	0
213Bi	83	213	0	0	0	100	0	1421.85	5.4898	-2933.58	5.1189	-8941.81	6.2108	0	0	2736.42	2.28	0	0	0	0	0	0	0.668	0.02	0.02	0.668	0.02	0.02	2.28	0	0	97.872	0.022	0.022	2.128	0.022	0.022
211Bi	83	211	0	0	0	100	0	573.376	5.4297	-3977.37	5.4063	-11635.7	5.62192	0	0	128.4	1.8	0	0	0	0	0	0	0.668	0.02	0.02	0.668	0.02	0.02	1.8	0	0	0.276	0.004	0.004	99.724	0.004	0.004
212Bi	83	212	0	0	0	100	0	2251.47	1.6671	-3756.77	1.7456	-8307.52	1.67602	0	0	3633.06	3.54	0	0	0	0	0	0	0.668	0.02	0.02	0.668	0.02	0.02	3.54	0	0	64.06	0.06	0.06	35.94	0.06	0.06
210Bi	83	210	0	0	0	100	0	1161.15	0.7662	-6497.21	1.5621	-13465.3	1.49103	0	0	433037	432	0	0	0	0	0	0	0.668	0.02	0.02	0.668	0.02	0.02	432	0	0	99.9999	1e-05	1e-05	0.000132	1e-05	1e-05
214Rn	86	214	0	0	0	100	0	-3361.34	12.4238	-8836.78	10.2726	-16946.3	17.4315	0	0	2.59e-07	3e-09	0	0	0	0	0	0	0.668	0.02	0.02	0.668	0.02	0.02	3e-09	0	0	0	0	0	100	0	0
213Rn	86	213	0	0	0	100	0	-2141.75	5.6996	-10251.3	9.3965	-17698.3	14.0842	0	0	0.01938	0.00019	0	0	0	0	0	0	0.668	0.02	0.02	0.668	0.02	0.02	0.00019	0	0	0	0	0	100	0	0
215Rn	86	215	0	0	0	100	0	-1487.13	9.189	-8281.98	10.3464	-13757.4	12.4702	0	0	0.0023	0.0001	0	0	0	0	0	0	0.668	0.02	0.02	0.668	0.02	0.02	0.0001	0	0	0	0	0	100	0	0
210Rn	86	210	0	0	0	100	0	-6261.26	14.172	-13893.9	12.3713	-23082.5	22.7342	0	0	8712	144	0	0	0	0	0	0	0.668	0.02	0.02	0.668	0.02	0.02	144	0	0	0	0	0	96	1	1
212Rn	86	212	0	0	0	100	0	-5143.22	9.3064	-12590.2	12.3821	-21458.3	18.5323	0	0	1434	72	0	0	0	0	0	0	0.668	0.02	0.02	0.668	0.02	0.02	72	0	0	0	0	0	100	0	0
211Rn	86	211	0	0	0	100	0	-4615.02	13.7862	-13483.1	15.0444	-21115.8	21.5664	0	0	52920	720	0	0	0	0	0	0	0.668	0.02	0.02	0.668	0.02	0.02	720	0	0	0	0	0	27.4	1.7	1.7
226Rn	86	226	0	0	0	100	0	1226.65	12.1895	-3144.73	15.9052	-9144.06	17.6733	0	0	444	6	0	0	0	0	0	0	0.668	0.02	0.02	0.668	0.02	0.02	6	0	0	100	0	0	0	0	0
225Rn	86	225	0	0	0	100	0	2713.54	16.3492	-3285.79	15.7809	-7990.82	20.3437	0	0	279.6	2.4	0	0	0	0	0	0	0.668	0.02	0.02	0.668	0.02	0.02	2.4	0	0	100	0	0	0	0	0
224Rn	86	224	0	0	0	100	0	696.484	14.875	-4008.55	10.0025	-10075.6	20.0435	0	0	6840	360	0	0	0	0	0	0	0.668	0.02	0.02	0.668	0.02	0.02	360	0	0	100	0	0	0	0	0
221Rn	86	221	0	0	0	100	0	1194.1	7.2312	-5082.3	6.908	-10288.2	11.0026	0	0	1542	30	0	0	0	0	0	0	0.668	0.02	0.02	0.668	0.02	0.02	30	0	0	80	2	2	20	2	2
220Rn	86	220	0	0	0	100	0	-870.338	4.0256	-6076.26	6.991	-12590.1	6.95887	0	0	55.6	0.1	0	0	0	0	0	0	0.668	0.02	0.02	0.668	0.02	0.02	0.1	0	0	0	0	0	100	0	0
223Rn	86	223	0	0	0	100	0	2007.41	8.0568	-4059.68	10.8035	-9030.15	9.39387	0	0	1458	60	0	0	0	0	0	0	0.668	0.02	0.02	0.668	0.02	0.02	60	0	0	100	0	0	0	0	0
222Rn	86	222	0	0	0	100	0	-6.1461	7.7013	-4976.61	5.061	-11253	11.4485	0	0	330174	13.824	0	0	0	0	0	0	0.668	0.02	0.02	0.668	0.02	0.02	13.824	0	0	0	0	0	100	0	0
217Rn	86	217	0	0	0	100	0	-656.097	7.5383	-7383.77	5.621	-12802.2	12.0707	0	0	0.00059	6e-05	0	0	0	0	0	0	0.668	0.02	0.02	0.668	0.02	0.02	6e-05	0	0	0	0	0	100	0	0
216Rn	86	216	0	0	0	100	0	-2717.71	6.9366	-8136.14	8.9789	-14931	11.6416	0	0	0.029	0.004	0	0	0	0	0	0	0.668	0.02	0.02	0.668	0.02	0.02	0.004	0	0	0	0	0	100	0	0
219Rn	86	219	0	0	0	100	0	212.398	6.8938	-6301.42	4.6672	-11628	11.6493	0	0	3.96	0.01	0	0	0	0	0	0	0.668	0.02	0.02	0.668	0.02	0.02	0.01	0	0	0	0	0	100	0	0
218Rn	86	218	0	0	0	100	0	-1842.03	4.4418	-7168.57	6.667	-13896.2	7.16699	0	0	0.03375	0.00015	0	0	0	0	0	0	0.668	0.02	0.02	0.668	0.02	0.02	0.00015	0	0	0	0	0	100	0	0
228Rn	86	228	0	0	0	100	0	1859.25	18.9157	-2510.3	18.6354	-8419.71	21.0222	0	0	65	2	0	0	0	0	0	0	0.668	0.02	0.02	0.668	0.02	0.02	2	0	0	100	0	0	0	0	0
227Rn	86	227	0	0	0	100	0	3203.39	15.2755	-2706.02	15.4067	-7077.4	20.2815	0	0	20.8	0.7	0	0	0	0	0	0	0.668	0.02	0.02	0.668	0.02	0.02	0.7	0	0	100	0	0	0	0	0
229Rn	86	229	0	0	0	100	0	3694.15	13.967	-2093.14	14.6758	-6462.68	15.9649	0	0	12	1.3	0	0	0	0	0	0	0.668	0.02	0.02	0.668	0.02	0.02	1.2	0	0	100	0	0	0	0	0
222U	92	222	0	0	0	100	0	-7001.81	64.43	-13709	207	-22344.8	80.8871	0	0	0.0047	0.0007	0	0	0	0	0	0	0.668	0.02	0.02	0.668	0.02	0.02	0.0007	0	0	0	0	0	100	0	0
224U	92	224	0	0	0	100	0	-6289.56	32.7036	-12987.2	84.2557	-21674.6	57.9123	0	0	0.396	0.017	0	0	0	0	0	0	0.668	0.02	0.02	0.668	0.02	0.02	0.017	0	0	0	0	0	100	0	0
223U	92	223	0	0	0	100	0	-4613.3	101.752	-13300.7	70.25	-20007.3	239.672	0	0	0.062	0.01	0	0	0	0	0	0	0.668	0.02	0.02	0.668	0.02	0.02	0.014	0	0	0	0	0	100	0	0
226U	92	226	0	0	0	100	0	-5488.08	102.648	-12360.6	92.2786	-20846.1	147.615	0	0	0.267	0.006	0	0	0	0	0	0	0.668	0.02	0.02	0.668	0.02	0.02	0.006	0	0	0	0	0	100	0	0
225U	92	225	0	0	0	100	0	-4246.1	92.1491	-12731.6	30.5827	-19429.2	154.115	0	0	0.061	0.003	0	0	0	0	0	0	0.668	0.02	0.02	0.668	0.02	0.02	0.003	0	0	0	0	0	100	0	0
219U	92	219	0	0	0	100	0	-6141	92.9309	999999	999999	-1.00614e+06	999999	0	0	0.06	0.007	-9999	-8999.1	0	0	0	0	0.668	0.02	0.02	0.668	0.02	0.02	0.007	-89991	0	0	0	0	100	0	0
221U	92	221	0	0	0	100	0	-5390	213	-14026.3	78.4032	-21059	306.217	0	0	0.00066	0.00014	0	0	0	0	0	0	0.668	0.02	0.02	0.668	0.02	0.02	0.00014	0	0	0	0	0	100	0	0
232U	92	232	0	0	0	100	0	-2750	100	-9085.56	51.1699	-16770	151.644	0	0	2.17427e+09	8.83594e+06	0	0	0	0	0	0	0.668	0.02	0.02	0.668	0.02	0.02	8.83594e+06	0	0	0	0	0	100	0	0
237U	92	237	0	0	0	100	0	518.534	0.52	-6059.28	50.4173	-11795.5	1.05018	0	0	583373	432	0	0	0	0	0	0	0.668	0.02	0.02	0.668	0.02	0.02	432	0	0	100	0	0	0	0	0
228U	92	228	0	0	0	100	0	-4605	101	-11430.3	78.1432	-19739	175.071	0	0	546	12	0	0	0	0	0	0	0.668	0.02	0.02	0.668	0.02	0.02	12	0	0	0	0	0	95	0	0
227U	92	227	0	0	0	100	0	-3533.98	77.4417	-11843.2	102.404	-18715.7	142.539	0	0	66	6	0	0	0	0	0	0	0.668	0.02	0.02	0.668	0.02	0.02	6	0	0	0	0	0	100	0	0
230U	92	230	0	0	0	100	0	-3621.6	55.1683	-10257.7	101.265	-18352.6	126.647	0	0	1.74787e+06	1728	0	0	0	0	0	0	0.668	0.02	0.02	0.668	0.02	0.02	1728	0	0	0	0	0	100	0	0
229U	92	229	0	0	0	100	0	-2590.76	101.334	-10686	100	-17511	162.57	0	0	3468	30	0	0	0	0	0	0	0.668	0.02	0.02	0.668	0.02	0.02	30	0	0	0	0	0	20	0	0
231U	92	231	0	0	0	100	0	-1817.73	51.1839	-9501.98	55.0663	-16138.1	124.385	0	0	362880	8640	0	0	0	0	0	0	0.668	0.02	0.02	0.668	0.02	0.02	8640	0	0	0	0	0	0.004	0.001	0.001
242U	92	242	0	0	0	100	0	1203	283	-3767	224	-9838.99	346.957	0	0	1008	30	0	0	0	0	0	0	0.668	0.02	0.02	0.668	0.02	0.02	30	0	0	100	0	0	0	0	0
239U	92	239	0	0	0	100	0	1261.66	1.4935	-4953.25	1.2128	-10441.6	1.78282	0	0	1407	1.2	0	0	0	0	0	0	0.668	0.02	0.02	0.668	0.02	0.02	1.2	0	0	100	0	0	0	0	0
240U	92	240	0	0	0	100	0	399.269	17.083	-4666.83	2.7866	-10881.7	24.1127	0	0	50760	360	0	0	0	0	0	0	0.668	0.02	0.02	0.668	0.02	0.02	360	0	0	100	0	0	0	0	0
201Ir	77	201	0	0	0	100	0	3901	206	-1312	201	-8593.64	212.016	0	0	21	5	0	0	0	0	0	0	0.668	0.02	0.02	0.668	0.02	0.02	5	0	0	100	0	0	0	0	0
202Ir	77	202	0	0	0	100	0	6052	301	-971	304	-6183.59	302.718	0	0	11	3	0	0	0	0	0	0	0.668	0.02	0.02	0.668	0.02	0.02	3	0	0	100	0	0	0	0	0
216Pb	82	216	0	0	0	100	0	1636	201	-2191	200	-7431.87	201.622	0	0	99.4	11.7	0	0	0	0	0	0	0.668	0.02	0.02	0.668	0.02	0.02	11.7	0	0	100	0	0	0	0	0
217Pb	82	217	0	0	0	100	0	3530	300	-1685	300	-5511.95	300.574	0	0	19.9	5.3	0	0	0	0	0	0	0.668	0.02	0.02	0.668	0.02	0.02	5.3	0	0	100	0	0	0	0	0
218Pb	82	218	0	0	0	100	0	2414	301	-1172	300	-6386.59	302.416	0	0	15	7	0	0	0	0	0	0	0.668	0.02	0.02	0.668	0.02	0.02	7	0	0	100	0	0	0	0	0
209Pb	82	209	0	0	0	100	0	644.015	1.1462	-6815.74	2.1822	-13702.7	2.28558	0	0	11646	18	0	0	0	0	0	0	0.668	0.02	0.02	0.668	0.02	0.02	18	0	0	100	0	0	0	0	0
210Pb	82	210	0	0	0	100	0	63.4758	0.4992	-4541.16	0.5053	-12000.9	1.92447	0	0	7.00564e+08	5.36468e+06	0	0	0	0	0	0	0.668	0.02	0.02	0.668	0.02	0.02	5.36468e+06	0	0	100	0	0	1.9e-06	4e-07	4e-07
211Pb	82	211	0	0	0	100	0	1366.1	5.4713	-3772.43	2.5286	-8377.06	7.72579	0	0	2169.9	0.06	0	0	0	0	0	0	0.668	0.02	0.02	0.668	0.02	0.02	0.06	0	0	100	0	0	0	0	0
212Pb	82	212	0	0	0	100	0	569.013	1.8246	-3761.13	5.5972	-8899.66	2.58533	0	0	38260.8	21.6	0	0	0	0	0	0	0.668	0.02	0.02	0.668	0.02	0.02	21.6	0	0	100	0	0	0	0	0
213Pb	82	213	0	0	0	100	0	2028.07	8.3708	-3156.97	7.1159	-7487.12	11.0982	0	0	612	18	0	0	0	0	0	0	0.668	0.02	0.02	0.668	0.02	0.02	18	0	0	100	0	0	0	0	0
214Pb	82	214	0	0	0	100	0	1017.76	11.2559	-3022.67	5.2644	-8207.71	15.9343	0	0	1623.6	4.2	0	0	0	0	0	0	0.668	0.02	0.02	0.668	0.02	0.02	4.2	0	0	100	0	0	0	0	0
215Pb	82	215	0	0	0	100	0	2712.97	52.9848	-2528.29	53.8646	-6568.72	53.495	0	0	142	12	0	0	0	0	0	0	0.668	0.02	0.02	0.668	0.02	0.02	12	0	0	100	0	0	0	0	0
200Os	76	200	0	0	0	100	0	3020	358	-2223	303	-8982	454.493	0	0	6	3	0	0	0	0	0	0	0.668	0.02	0.02	0.668	0.02	0.02	4	0	0	100	0	0	0	0	0
213At	85	213	0	0	0	100	0	-883.573	5.7243	-5991.62	5.5868	-13966.8	9.37834	0	0	1.24e-07	6e-09	0	0	0	0	0	0	0.668	0.02	0.02	0.668	0.02	0.02	6e-09	0	0	0	0	0	100	0	0
214At	85	214	0	0	0	100	0	940.513	9.8827	-5754.52	4.9633	-10862.6	13.7573	0	0	5.58e-07	1e-08	0	0	0	0	0	0	0.668	0.02	0.02	0.668	0.02	0.02	1e-08	0	0	0	0	0	100	0	0
211At	85	211	0	0	0	100	0	-2891.86	6.8937	-10113.7	5.2769	-18848.8	13.8927	0	0	25977.6	21.6	0	0	0	0	0	0	0.668	0.02	0.02	0.668	0.02	0.02	21.6	0	0	0	0	0	41.78	0.08	0.08
212At	85	212	0	0	0	100	0	31.0705	3.5927	-7944.14	7.0039	-15166	6.55663	0	0	0.314	0.002	0	0	0	0	0	0	0.668	0.02	0.02	0.668	0.02	0.02	0.002	0	0	0	0	0	100	0	0
209At	85	209	0	0	0	100	0	-3942.72	11.0298	-11299.7	11.1763	-20391.7	15.5991	0	0	19512	180	0	0	0	0	0	0	0.668	0.02	0.02	0.668	0.02	0.02	180	0	0	0	0	0	4.1	0.5	0.5
210At	85	210	0	0	0	100	0	-2367.34	8.9225	-11102.4	12.5809	-18459.3	14.2603	0	0	29160	1440	0	0	0	0	0	0	0.668	0.02	0.02	0.668	0.02	0.02	1440	0	0	0	0	0	0.175	0.02	0.02
215At	85	215	0	0	0	100	0	-87.5935	8.9062	-5008.24	11.2531	-11703.3	11.1874	0	0	0.037	0.003	0	0	0	0	0	0	0.668	0.02	0.02	0.668	0.02	0.02	0.003	0	0	0	0	0	100	0	0
215Pa	91	215	0	0	0	100	0	-7084.77	132.825	999999	999999	-1.00708e+06	999999	0	0	0.014	0.002	-9999	-8999.1	0	0	0	0	0.668	0.02	0.02	0.668	0.02	0.02	0.002	-89991	0	0	0	0	100	0	0
224At	85	224	0	0	0	100	0	5265.92	24.4153	-750.038	23.6848	-4803.57	26.3857	0	0	76.2	22.8	0	0	0	0	0	0	0.668	0.02	0.02	0.668	0.02	0.02	138	0	0	100	0	0	0	0	0
222At	85	222	0	0	0	100	0	4581.07	15.9542	-1589.64	16.8349	-5801.6	16.0705	0	0	54	10	0	0	0	0	0	0	0.668	0.02	0.02	0.668	0.02	0.02	10	0	0	100	0	0	0	0	0
219Pa	91	219	0	0	0	100	0	-4712.73	70.9693	-11382.7	71.0403	-20529.7	108.446	0	0	5.5e-08	8e-09	0	0	0	0	0	0	0.668	0.02	0.02	0.668	0.02	0.02	8e-09	0	0	0	0	0	100	0	0
223At	85	223	0	0	0	100	0	3038.27	16.0129	-1015.27	14.107	-7185.98	18.7149	0	0	50	7	0	0	0	0	0	0	0.668	0.02	0.02	0.668	0.02	0.02	7	0	0	100	0	0	0	0	0
218Pa	91	218	0	0	0	100	0	-3245.09	22.5042	-12392	82	-20559.5	38.4989	0	0	0.109	0.004	0	0	0	0	0	0	0.668	0.02	0.02	0.668	0.02	0.02	0.004	0	0	0	0	0	100	0	0
220At	85	220	0	0	0	100	0	3763.76	14.0896	-2524.91	14.1293	-6984.3	14.3537	0	0	222.6	2.4	0	0	0	0	0	0	0.668	0.02	0.02	0.668	0.02	0.02	2.4	0	0	92	2	2	8	2	2
217Pa	91	217	0	0	0	100	0	-5916	81	-14083	30.7428	-23977	154.871	0	0	0.0037	0.0004	0	0	0	0	0	0	0.668	0.02	0.02	0.668	0.02	0.02	0.0004	0	0	0	0	0	100	0	0
221At	85	221	0	0	0	100	0	2311.38	15.0957	-1900.58	14.0896	-8189.24	16.2064	0	0	138	12	0	0	0	0	0	0	0.668	0.02	0.02	0.668	0.02	0.02	12	0	0	100	0	0	0	0	0
216Pa	91	216	0	0	0	100	0	-5242.63	37.3721	-15136.8	107.013	-1.00524e+06	999999	0	0	0.118	0.015	0	0	0	0	0	0	0.668	0.02	0.02	0.668	0.02	0.02	0.015	0	0	0	0	0	100	0	0
218At	85	218	0	0	0	100	0	2882.8	11.6054	-3629.67	12.1395	-8295.73	13.0707	0	0	1.28	0.05	0	0	0	0	0	0	0.668	0.02	0.02	0.668	0.02	0.02	0.05	0	0	0.05	0.05	0.05	99.95	0.05	0.05
219At	85	219	0	0	0	100	0	1566.68	2.9473	-2892.71	3.9123	-9405.18	5.46733	0	0	56	3	0	0	0	0	0	0	0.668	0.02	0.02	0.668	0.02	0.02	3	0	0	6.4	1	1	93.6	1	1
216At	85	216	0	0	0	100	0	2003.37	6.6383	-4645.65	6.9215	-9566.29	12.6145	0	0	0.0003	3e-05	0	0	0	0	0	0	0.668	0.02	0.02	0.668	0.02	0.02	3e-05	0	0	0	0	0	100	0	0
217At	85	217	0	0	0	100	0	736.032	6.1505	-3930.03	7.5731	-10579	9.49127	0	0	0.0326	0.0002	0	0	0	0	0	0	0.668	0.02	0.02	0.668	0.02	0.02	0.0002	0	0	0.007	0.003	0.003	99.993	0.003	0.003
220Pa	91	220	0	0	0	100	0	-2735	102	-11088.9	19.8161	-17759	144.25	0	0	0.00089	6e-05	0	0	0	0	0	0	0.668	0.02	0.02	0.668	0.02	0.02	6e-05	0	0	0	0	0	100	0	0
222Pa	91	222	0	0	0	100	0	-2208.47	101.013	-10527	112.712	-17091.5	151.567	0	0	0.00389	0.00073	0	0	0	0	0	0	0.668	0.02	0.02	0.668	0.02	0.02	0.00073	0	0	0	0	0	100	0	0
221Pa	91	221	0	0	0	100	0	-4145.06	93.4311	-10710	117	-19063.7	118.789	0	0	0.0059	0.0014	0	0	0	0	0	0	0.668	0.02	0.02	0.668	0.02	0.02	0.0015	0	0	0	0	0	100	0	0
226Pa	91	226	0	0	0	100	0	-1295.2	15.6747	-9409.72	14.8938	-15851.7	24.468	0	0	108	12	0	0	0	0	0	0	0.668	0.02	0.02	0.668	0.02	0.02	12	0	0	0	0	0	74	5	5
225Pa	91	225	0	0	0	100	0	-3015.36	82.4514	-9457.37	83.2622	-17831.3	101.891	0	0	1.7	0.1	0	0	0	0	0	0	0.668	0.02	0.02	0.668	0.02	0.02	0.1	0	0	0	0	0	100	0	0
224Pa	91	224	0	0	0	100	0	-1880.34	16.9711	-10254.2	59.5136	-16553.1	56.7796	0	0	0.85	0.02	0	0	0	0	0	0	0.668	0.02	0.02	0.668	0.02	0.02	0.02	0	0	0	0	0	100	0	0
223Pa	91	223	0	0	0	100	0	-3707.66	95.9225	-10006.5	91.7775	-18325	133.76	0	0	0.0053	0.0006	0	0	0	0	0	0	0.668	0.02	0.02	0.668	0.02	0.02	0.0006	0	0	0	0	0	100	0	0
230Pa	91	230	0	0	0	100	0	558.526	4.5919	-7108.39	6.5947	-13189.1	14.8719	0	0	1.50336e+06	34560	0	0	0	0	0	0	0.668	0.02	0.02	0.668	0.02	0.02	34560	0	0	7.8	0.7	0.7	0.0035	0.0004	0.0004
229Pa	91	229	0	0	0	100	0	-1313.77	6.6554	-7394.47	13.846	-15290.8	12.2278	0	0	133920	4320	0	0	0	0	0	0	0.668	0.02	0.02	0.668	0.02	0.02	4320	0	0	0	0	0	0.51	0.04	0.04
228Pa	91	228	0	0	0	100	0	-296.402	14.0858	-8192.75	9.4496	-14547.8	22.3588	0	0	71280	3240	0	0	0	0	0	0	0.668	0.02	0.02	0.668	0.02	0.02	3240	0	0	0	0	0	1.85	0.17	0.17
227Pa	91	227	0	0	0	100	0	-2214.66	11.1118	-8569.74	13.1763	-16684.3	17.0869	0	0	2298	18	0	0	0	0	0	0	0.668	0.02	0.02	0.668	0.02	0.02	18	0	0	0	0	0	85	2	2
233Pa	91	233	0	0	0	100	0	570.299	1.975	-5191.35	1.8061	-12459.2	3.72447	0	0	2.33064e+06	1123.2	0	0	0	0	0	0	0.668	0.02	0.02	0.668	0.02	0.02	1123.2	0	0	100	0	0	0	0	0
232Pa	91	232	0	0	0	100	0	1337.1	7.4278	-5930.72	7.9386	-11811.1	8.76602	0	0	113184	1728	0	0	0	0	0	0	0.668	0.02	0.02	0.668	0.02	0.02	1728	0	0	100	0	0	0	0	0
237Pa	91	237	0	0	0	100	0	2137.49	13.0962	-2988.28	13.0883	-9533.79	13.1068	0	0	522	12	0	0	0	0	0	0	0.668	0.02	0.02	0.668	0.02	0.02	12	0	0	100	0	0	0	0	0
236Pa	91	236	0	0	0	100	0	2889.37	14.0166	-3656.15	14.0169	-8953.64	14.0206	0	0	546	6	0	0	0	0	0	0	0.668	0.02	0.02	0.668	0.02	0.02	6	0	0	100	0	0	0	0	0
235Pa	91	235	0	0	0	100	0	1370.12	14.0169	-3927.38	14.018	-10772.8	14.1583	0	0	1464	12	0	0	0	0	0	0	0.668	0.02	0.02	0.668	0.02	0.02	12	0	0	100	0	0	0	0	0
234Pa	91	234	0	0	0	100	0	2193.91	3.9998	-4651.56	4.4539	-10413.2	4.29847	0	0	24015.6	79.2	0	0	0	0	0	0	0.668	0.02	0.02	0.668	0.02	0.02	79.2	0	0	100	0	0	0	0	0
239Pa	91	239	0	0	0	100	0	2765	196	-2042	196	-8195.1	196.004	0	0	6480	1800	0	0	0	0	0	0	0.668	0.02	0.02	0.668	0.02	0.02	1800	0	0	100	0	0	0	0	0
238Pa	91	238	0	0	0	100	0	3586.31	15.9056	-2567.41	15.881	-7693.17	15.949	0	0	138	6	0	0	0	0	0	0	0.668	0.02	0.02	0.668	0.02	0.02	6	0	0	100	0	0	0	0	0
234Ac	89	234	0	0	0	100	0	4228.24	14.2103	-1961.77	14.0448	-6748.15	14.4413	0	0	44	7	0	0	0	0	0	0	0.668	0.02	0.02	0.668	0.02	0.02	7	0	0	100	0	0	0	0	0
233Ac	89	233	0	0	0	100	0	2576.39	13.1184	-2209.99	13.1181	-8650.41	13.1624	0	0	143	9	0	0	0	0	0	0	0.668	0.02	0.02	0.668	0.02	0.02	9	0	0	100	0	0	0	0	0
232Ac	89	232	0	0	0	100	0	3707.71	13.1181	-2732.71	13.0976	-7850.72	13.1611	0	0	119	5	0	0	0	0	0	0	0.668	0.02	0.02	0.668	0.02	0.02	5	0	0	100	0	0	0	0	0
231Ac	89	231	0	0	0	100	0	1947.04	13.0976	-3170.98	13.0968	-9965.3	13.2833	0	0	450	6	0	0	0	0	0	0	0.668	0.02	0.02	0.668	0.02	0.02	6	0	0	100	0	0	0	0	0
230Ac	89	230	0	0	0	100	0	2975.87	15.8815	-3818.45	16.0169	-9075.15	15.9226	0	0	122	3	0	0	0	0	0	0	0.668	0.02	0.02	0.668	0.02	0.02	3	0	0	100	0	0	0	0	0
229Ac	89	229	0	0	0	100	0	1104.42	12.3458	-4152.28	12.2433	-11257.5	12.6602	0	0	3762	30	0	0	0	0	0	0	0.668	0.02	0.02	0.668	0.02	0.02	30	0	0	100	0	0	0	0	0
236Ac	89	236	0	0	0	100	0	4965.8	40.6669	-868.074	40.3564	-5534.6	43.0782	0	0	72	30	0	0	0	0	0	0	0.668	0.02	0.02	0.668	0.02	0.02	348	0	0	100	0	0	0	0	0
235Ac	89	235	0	0	0	100	0	3339.41	19.1127	-1327.12	14.2103	-7517.12	23.1816	0	0	62	4	0	0	0	0	0	0	0.668	0.02	0.02	0.668	0.02	0.02	4	0	0	100	0	0	0	0	0
218Ac	89	218	0	0	0	100	0	-1515.9	58.5648	-9426.25	58.5846	-15590.3	60.5262	0	0	0.00102	5e-05	0	0	0	0	0	0	0.668	0.02	0.02	0.668	0.02	0.02	5e-05	0	0	0	0	0	100	0	0
217Ac	89	217	0	0	0	100	0	-3503.46	15.4454	-9667.53	15.761	-18361.7	19.7824	0	0	6.9e-08	4e-09	0	0	0	0	0	0	0.668	0.02	0.02	0.668	0.02	0.02	4e-09	0	0	0	0	0	100	0	0
216Ac	89	216	0	0	0	100	0	-2148.8	14.4375	-10843	11.1943	-18687.8	21.0734	0	0	0.36	0.007	0	0	0	0	0	0	0.668	0.02	0.02	0.668	0.02	0.02	0.007	0	0	0	0	0	100	0	0
215Ac	89	215	0	0	0	100	0	-4890.88	13.9296	-12735.7	16.3548	-22232.2	17.8639	0	0	0.17	0.01	0	0	0	0	0	0	0.668	0.02	0.02	0.668	0.02	0.02	0.01	0	0	0	0	0	99.91	0.02	0.02
214Ac	89	214	0	0	0	100	0	-4261.66	17.2389	-13758.2	16.3871	-21820.3	22.6156	0	0	8.2	0.2	0	0	0	0	0	0	0.668	0.02	0.02	0.668	0.02	0.02	0.2	0	0	0	0	0	89	0	0
213Ac	89	213	0	0	0	100	0	-5979.08	14.8635	-14041.2	15.4257	-23878	87.8284	0	0	0.738	0.021	0	0	0	0	0	0	0.668	0.02	0.02	0.668	0.02	0.02	0.021	0	0	0	0	0	100	0	0
223Ac	89	223	0	0	0	100	0	-1560.35	10.4712	-7449.3	12.2847	-15257.5	15.2983	0	0	127.2	2.4	0	0	0	0	0	0	0.668	0.02	0.02	0.668	0.02	0.02	2.4	0	0	0	0	0	99	0	0
222Ac	89	222	0	0	0	100	0	-581.241	11.1289	-8389.45	9.1328	-14210.4	20.3239	0	0	4.9	0.4	0	0	0	0	0	0	0.668	0.02	0.02	0.668	0.02	0.02	0.4	0	0	0	0	0	99	1	1
221Ac	89	221	0	0	0	100	0	-2408.88	57.4376	-8229.81	58.5032	-16074.4	80.9202	0	0	0.052	0.002	0	0	0	0	0	0	0.668	0.02	0.02	0.668	0.02	0.02	0.002	0	0	0	0	0	100	0	0
220Ac	89	220	0	0	0	100	0	-945.783	14.9144	-8790.34	56.7644	-14765.6	22.8033	0	0	0.0264	0.0002	0	0	0	0	0	0	0.668	0.02	0.02	0.668	0.02	0.02	0.0002	0	0	0	0	0	100	0	0
219Ac	89	219	0	0	0	100	0	-2893.23	76.3627	-8868.51	52.5371	-16778.9	95.5587	0	0	0.0095	0.0016	0	0	0	0	0	0	0.668	0.02	0.02	0.668	0.02	0.02	0.0016	0	0	0	0	0	100	0	0
228Ac	89	228	0	0	0	100	0	2123.75	2.6446	-4981.42	2.5566	-10445.6	5.32945	0	0	22140	72	0	0	0	0	0	0	0.668	0.02	0.02	0.668	0.02	0.02	72	0	0	100	0	0	0	0	0
227Ac	89	227	0	0	0	100	0	44.7559	0.8297	-5419.45	4.7467	-12603.3	5.49154	0	0	6.87073e+08	82048	0	0	0	0	0	0	0.668	0.02	0.02	0.668	0.02	0.02	82048	0	0	98.62	0.0036	0.0036	1.38	0.0036	0.0036
226Ac	89	226	0	0	0	100	0	1111.55	4.5626	-6072.31	5.8762	-11829	11.46	0	0	105732	432	0	0	0	0	0	0	0.668	0.02	0.02	0.668	0.02	0.02	432	0	0	83	3	3	0.006	0.002	0.002
225Ac	89	225	0	0	0	100	0	-672.888	6.6576	-6429.59	10.6775	-13890.7	11.4411	0	0	857002	181.44	0	0	0	0	0	0	0.668	0.02	0.02	0.668	0.02	0.02	181.44	0	0	0	0	0	100	0	0
224Ac	89	224	0	0	0	100	0	238.567	10.3428	-7222.57	8.8233	-13111.5	17.3482	0	0	10008	612	0	0	0	0	0	0	0.668	0.02	0.02	0.668	0.02	0.02	612	0	0	0	0	0	9.1	1.4	2
198W	74	198	0	0	0	100	0	4149.35	1000	-670.653	1000	-5991.65	1414.21	0	0	20.4672	20.2625	0	0	0	0	0	0	0.668	0.02	0.02	0.668	0.02	0.02	2026.25	0	0	100	0	0	0	0	0
199W	74	199	0	0	0	100	0	5833.35	1000	62.347	1000	-4049.65	1414.21	0	0	11.2652	11.1526	0	0	0	0	0	0	0.666756	0.0761916	0.0200197	0.668	0.02	0.02	1115.26	0	0	100	0	0	0	0	0
200W	74	200	0	0	0	100	0	4904.35	1000	332.347	1000	-4685.65	1414.21	0	0	13.4719	13.3372	0	0	0	0	0	0	0.668	0.02	0.02	0.668	0.02	0.02	1333.72	0	0	100	0	0	0	0	0
201W	74	201	0	0	0	100	0	7791.35	1000	2281.35	1000	-333.653	1414.21	0	0	2.46766	2.44298	0.15	0.135	0	0	0	0	0.656714	0.0319341	0.0219822	0.668	0.02	0.02	244.298	1.35	0	100	0	0	0	0	0
202W	74	202	0	0	0	100	0	6783.35	1000	3763.35	1000	132.347	1414.21	0	0	2.26393	2.24129	0.23	0.207	0	0	0	0	0.664376	0.0233169	0.0201618	0.668	0.02	0.02	224.129	2.07	0	100	0	0	0	0	0
203W	74	203	0	0	0	100	0	8238.35	1000	4278.35	1000	1706.35	1414.21	0	0	1.55241	1.53689	0.25	0.225	0.01	0.009	0	0	0.65456	0.0356771	0.022659	0.668	0.02	0.02	153.689	2.25	0.09	100	0	0	0	0	0
204W	74	204	0	0	0	100	0	7338.35	1000	4364.35	1000	962.347	1414.21	0	0	1.15044	1.13894	0.42	0.378	0	0	0	0	0.662934	0.0252249	0.020474	0.668	0.02	0.02	113.894	3.78	0	100	0	0	0	0	0
205W	74	205	0	0	0	100	0	8864.35	1000	5023.35	1000	2680.35	1414.21	0	0	0.82824	0.819958	0.35	0.315	0.12	0.108	0	0	0.651718	0.0396059	0.0230842	0.668	0.02	0.02	81.9958	3.15	1.08	100	0	0	0	0	0
206W	74	206	0	0	0	100	0	8094.35	1000	5245.35	1000	2166.35	1414.21	0	0	0.26736	0.264686	0.82	0.738	0.01	0.009	0	0	0.659369	0.0295169	0.021121	0.668	0.02	0.02	26.4686	7.38	0.09	100	0	0	0	0	0
207W	74	207	0	0	0	100	0	9682.35	1000	6032.35	1000	4007.35	1414.21	0	0	0.06345	0.0628155	0.6	0.54	0.03	0.027	0	0	0.646585	0.0428654	0.025411	0.66663	0.0207868	0.0200143	6.28155	5.4	0.27	100	0	0	0	0	0
208W	74	208	0	0	0	100	0	8999.35	1000	6356.35	1000	3619.35	1414.21	0	0	0.0983	0.097317	0.91	0.819	0	0	0	0	0.65488	0.0355074	0.0225744	0.666782	0.0205231	0.0200098	9.7317	8.19	0	100	0	0	0	0	0
209W	74	209	0	0	0	100	0	10626.3	1000	7233.35	1000	5542.35	1414.21	0	0	0.06728	0.0666072	0.82	0.738	0.05	0.045	0	0	0.640594	0.0421561	0.0281612	0.664851	0.0221892	0.020177	6.66072	7.38	0.45	100	0	0	0	0	0
210W	74	210	0	0	0	100	0	9992.35	1000	7609.35	1000	5217.35	1414.21	0	0	0.06228	0.0616572	0.93	0.837	0.01	0.009	0	0	0.650305	0.0413846	0.0235129	0.665534	0.0219757	0.0200942	6.16572	8.37	0.09	100	0	0	0	0	0
211W	74	211	0	0	0	100	0	11605.3	1000	8529.35	1000	7134.35	1414.21	0	0	0.04616	0.0456984	0.85	0.765	0.08	0.072	0	0	0.635071	0.0457045	0.029864	0.662978	0.0242715	0.0203246	4.56984	7.65	0.72	100	0	0	0	0	0
212W	74	212	0	0	0	100	0	10993.3	1000	8896.35	1000	6830.35	1414.21	0	0	0.03715	0.0367785	0.93	0.837	0.01	0.009	0	0	0.643003	0.0431619	0.0271943	0.663168	0.0234725	0.0203199	3.67785	8.37	0.09	100	0	0	0	0	0
213W	74	213	0	0	0	100	0	12555.3	1000	9805.35	1000	8668.35	1414.21	0	0	0.02793	0.0276507	0.73	0.657	0.09	0.081	0	0	0.627278	0.0464162	0.0344922	0.660745	0.027692	0.0206823	2.76507	6.57	0.81	100	0	0	0	0	0
214W	74	214	0	0	0	100	0	11340.3	1000	9542.35	1000	7147.35	1414.21	0	0	0.03087	0.0305613	0.9	0.81	0.01	0.009	0	0	0.642858	0.043041	0.0272422	0.66297	0.024307	0.0203248	3.05613	8.1	0.09	100	0	0	0	0	0
215W	74	215	0	0	0	100	0	12750.3	1000	9862.35	1000	8267.35	1414.21	0	0	0.02728	0.0270072	0.82	0.738	0.11	0.099	0	0	0.627765	0.0455927	0.0341973	0.661406	0.0271571	0.020544	2.70072	7.38	0.99	100	0	0	0	0	0
216W	74	216	0	0	0	100	0	12087.3	1000	10069.3	1000	7936.35	1414.21	0	0	0.01989	0.0196911	0.87	0.783	0.02	0.018	0	0	0.637565	0.048211	0.0294793	0.661951	0.0266571	0.0204416	1.96911	7.83	0.18	100	0	0	0	0	0
217W	74	217	0	0	0	100	0	13492.3	1000	10895.3	1000	9627.35	1414.21	0	0	0.01599	0.0158301	0.72	0.648	0.15	0.135	0	0	0.623738	0.052481	0.0354127	0.658355	0.0292697	0.0213454	1.58301	6.48	1.35	100	0	0	0	0	0
218W	74	218	0	0	0	100	0	12758.3	1000	11085.3	1000	9167.35	1414.21	0	0	0.01467	0.0145233	0.9	0.81	0.04	0.036	0	0	0.634118	0.045169	0.0301624	0.659514	0.0289025	0.0209975	1.45233	8.1	0.36	100	0	0	0	0	0
219W	74	219	0	0	0	100	0	14062.3	1000	11805.3	1000	10708.3	1414.21	0	0	0.01384	0.0137016	0.61	0.549	0.33	0.297	0	0	0.619211	0.0597439	0.0377573	0.656562	0.0316816	0.0218075	1.37016	5.49	2.97	100	0	0	0	0	0
220W	74	220	0	0	0	100	0	13272.3	1000	11884.3	1000	10146.3	1414.21	0	0	0.01184	0.0117216	0.86	0.774	0.07	0.063	0	0	0.629061	0.0446823	0.0333391	0.657273	0.0298671	0.021705	1.17216	7.74	0.63	100	0	0	0	0	0
221W	74	221	0	0	0	100	0	14498.3	1000	12525.3	1000	11578.3	1414.21	0	0	0.01027	0.0101673	0.47	0.423	0.43	0.387	0	0	0.615543	0.066224	0.0405196	0.654905	0.0349505	0.0220721	1.01673	4.23	3.87	100	0	0	0	0	0
222W	74	222	0	0	0	100	0	13682.3	1000	12531.3	1000	10972.3	1414.21	0	0	0.00927	0.0091773	0.8	0.72	0.12	0.108	0	0	0.625524	0.0479382	0.0353879	0.656227	0.0330627	0.0218173	0.91773	7.2	1.08	100	0	0	0	0	0
223W	74	223	0	0	0	100	0	14881.3	1000	13145.3	1000	12380.3	1414.21	0	0	0.00676	0.0066924	0.45	0.405	0.48	0.432	0	0	0.613539	0.0713844	0.0413063	0.652607	0.0351175	0.022692	0.66924	4.05	4.32	100	0	0	0	0	0
224W	74	224	0	0	0	100	0	14083.3	1000	13138.3	1000	11805.3	1414.21	0	0	0.00743	0.0073557	0.69	0.621	0.27	0.243	0	0	0.623652	0.0526883	0.0353947	0.654255	0.0353553	0.0222398	0.73557	6.21	2.43	100	0	0	0	0	0
225W	74	225	0	0	0	100	0	15272.3	1000	13755.3	1000	13203.3	1414.21	0	0	0.00656	0.0064944	0.24	0.216	0.71	0.639	0	0	0.61113	0.0756156	0.0418932	0.651785	0.038649	0.0227807	0.64944	2.16	6.39	100	0	0	0	0	0
226W	74	226	0	0	0	100	0	14522.3	1000	13775.3	1000	12698.3	1414.21	0	0	0.00551	0.0054549	0.51	0.459	0.43	0.387	0	0	0.619777	0.0587898	0.0373295	0.652149	0.0362372	0.0227353	0.54549	4.59	3.87	100	0	0	0	0	0
199Re	75	199	0	0	0	100	0	5541	447	799	447	-5792	529.054	0	0	2.36981	2.34611	0	0	0	0	0	0	0.668	0.02	0.02	0.668	0.02	0.02	234.611	0	0	100	0	0	0	0	0
200Re	75	200	0	0	0	100	0	7030.35	1000	784.347	1000	-3315.65	1414.21	0	0	1.00196	0.99194	0	0	0	0	0	0	0.665646	0.0225349	0.02002	0.668	0.02	0.02	99.194	0	0	100	0	0	0	0	0
201Re	75	201	0	0	0	100	0	6065.35	1000	1520.35	1000	-4019.65	1414.21	0	0	1.21019	1.19809	0.01	0.009	0	0	0	0	0.668	0.02	0.02	0.668	0.02	0.02	119.809	0.09	0	100	0	0	0	0	0
202Re	75	202	0	0	0	100	0	9032.35	1000	3045.35	1000	499.347	1414.21	0	0	0.44747	0.442995	0.24	0.216	0	0	0	0	0.652947	0.0354125	0.0231092	0.668	0.02	0.02	44.2995	2.16	0	100	0	0	0	0	0
203Re	75	203	0	0	0	100	0	7950.35	1000	5072.35	1000	968.347	1414.21	0	0	0.54846	0.542975	0.84	0.756	0	0	0	0	0.661406	0.0276044	0.0206811	0.668	0.02	0.02	54.2975	7.56	0	100	0	0	0	0	0
204Re	75	204	0	0	0	100	0	9330.35	1000	4976.35	1000	2396.35	1414.21	0	0	0.36808	0.364399	0.81	0.729	0.02	0.018	0	0	0.651977	0.0380535	0.0231799	0.668	0.02	0.02	36.4399	7.29	0.18	100	0	0	0	0	0
205Re	75	205	0	0	0	100	0	8349.35	1000	5489.35	1000	1536.35	1414.21	0	0	0.34105	0.33764	0.87	0.783	0.01	0.009	0	0	0.659177	0.0295376	0.0211777	0.668	0.02	0.02	33.764	7.83	0.09	100	0	0	0	0	0
206Re	75	206	0	0	0	100	0	9792.35	1000	5500.35	1000	3105.35	1414.21	0	0	0.07603	0.0752697	0.88	0.792	0.08	0.072	0	0	0.650421	0.041369	0.02346	0.668	0.02	0.02	7.52697	7.92	0.72	100	0	0	0	0	0
207Re	75	207	0	0	0	100	0	8931.35	1000	6142.35	1000	2437.35	1414.21	0	0	0.32696	0.32369	0.83	0.747	0.06	0.054	0	0	0.656403	0.033209	0.0220895	0.668	0.02	0.02	32.369	7.47	0.54	100	0	0	0	0	0
208Re	75	208	0	0	0	100	0	10456.3	1000	6288.35	1000	4169.35	1414.21	0	0	0.0796	0.078804	0.78	0.702	0.18	0.162	0	0	0.645258	0.0436654	0.0261671	0.666564	0.020961	0.0200175	7.8804	7.02	1.62	100	0	0	0	0	0
209Re	75	209	0	0	0	100	0	9700.35	1000	7063.35	1000	3671.35	1414.21	0	0	0.13479	0.133442	0.9	0.81	0.04	0.036	0	0	0.65204	0.0376215	0.0232028	0.666759	0.0205592	0.0200102	13.3442	8.1	0.36	100	0	0	0	0	0
210Re	75	210	0	0	0	100	0	11278.3	1000	7317.35	1000	5510.35	1414.21	0	0	0.06218	0.0615582	0.73	0.657	0.23	0.207	0	0	0.64028	0.0420636	0.028321	0.664898	0.022158	0.0201702	6.15582	6.57	2.07	100	0	0	0	0	0
211Re	75	211	0	0	0	100	0	10621.3	1000	8202.35	1000	5170.35	1414.21	0	0	0.06136	0.0607464	0.94	0.846	0.03	0.027	0	0	0.646975	0.0426999	0.0251967	0.665614	0.0219728	0.0200863	6.07464	8.46	0.27	100	0	0	0	0	0
212Re	75	212	0	0	0	100	0	12221.3	1000	8524.35	1000	7056.35	1414.21	0	0	0.03537	0.0350163	0.69	0.621	0.28	0.252	0	0	0.635063	0.045698	0.0298705	0.663019	0.0240965	0.0203238	3.50163	6.21	2.52	100	0	0	0	0	0
213Re	75	213	0	0	0	100	0	11605.3	1000	9471.35	1000	6767.35	1414.21	0	0	0.03713	0.0367587	0.93	0.837	0.05	0.045	0	0	0.64052	0.0421351	0.028201	0.663199	0.0233467	0.0203193	3.67587	8.37	0.45	100	0	0	0	0	0
214Re	75	214	0	0	0	100	0	13196.3	1000	9807.35	1000	8656.35	1414.21	0	0	0.0279	0.027621	0.63	0.567	0.34	0.306	0	0	0.627003	0.0468849	0.0346611	0.660737	0.0277078	0.0206842	2.7621	5.67	3.06	100	0	0	0	0	0
215Re	75	215	0	0	0	100	0	12140.3	1000	10308.3	1000	7463.35	1414.21	0	0	0.02947	0.0291753	0.91	0.819	0.07	0.063	0	0	0.638135	0.0496715	0.0293295	0.662705	0.0252821	0.0203411	2.91753	8.19	0.63	100	0	0	0	0	0
216Re	75	216	0	0	0	100	0	13549.3	1000	10122.3	1000	8652.35	1414.21	0	0	0.03148	0.0311652	0.53	0.477	0.44	0.396	0	0	0.62633	0.0476286	0.0350712	0.660744	0.0276959	0.0206828	3.11652	4.77	3.96	100	0	0	0	0	0
217Re	75	217	0	0	0	100	0	12960.3	1000	10952.3	1000	8353.35	1414.21	0	0	0.02197	0.0217503	0.91	0.819	0.07	0.063	0	0	0.633965	0.0451149	0.0302369	0.661238	0.0272786	0.0205778	2.17503	8.19	0.63	100	0	0	0	0	0
218Re	75	218	0	0	0	100	0	14466.3	1000	11287.3	1000	10205.3	1414.21	0	0	0.01709	0.0169191	0.55	0.495	0.42	0.378	0	0	0.621089	0.0564248	0.0363454	0.657172	0.0300643	0.021738	1.69191	4.95	3.78	100	0	0	0	0	0
219Re	75	219	0	0	0	100	0	13802.3	1000	12209.3	1000	9880.35	1414.21	0	0	0.0167	0.016533	0.8	0.72	0.19	0.171	0	0	0.626254	0.047658	0.035118	0.657666	0.0293489	0.0215747	1.6533	7.2	1.71	100	0	0	0	0	0
220Re	75	220	0	0	0	100	0	15187.3	1000	12414.3	1000	11550.3	1414.21	0	0	0.014	0.01386	0.3	0.27	0.62	0.558	0	0	0.615271	0.066733	0.0407068	0.654915	0.0349452	0.0220705	1.386	2.7	5.58	100	0	0	0	0	0
221Re	75	221	0	0	0	100	0	14454.3	1000	13214.3	1000	11100.3	1414.21	0	0	0.01269	0.0125631	0.68	0.612	0.3	0.27	0	0	0.623144	0.0539217	0.0353962	0.656035	0.0338717	0.0218239	1.25631	6.12	2.7	100	0	0	0	0	0
222Re	75	222	0	0	0	100	0	15737.3	1000	13303.3	1000	12619.3	1414.21	0	0	0.01155	0.0114345	0.29	0.261	0.68	0.612	0	0	0.612434	0.0737471	0.0415767	0.652186	0.0359872	0.0227473	1.14345	2.61	6.12	100	0	0	0	0	0
223Re	75	223	0	0	0	100	0	14947.3	1000	14001.3	1000	12066.3	1414.21	0	0	0.01166	0.0115434	0.5	0.45	0.46	0.414	0	0	0.618449	0.0611828	0.0383283	0.653434	0.0352479	0.0224616	1.15434	4.5	4.14	100	0	0	0	0	0
224Re	75	224	0	0	0	100	0	16164.3	1000	14002.3	1000	13487.3	1414.21	0	0	0.0082	0.008118	0.23	0.207	0.73	0.657	0	0	0.609606	0.0764931	0.0424472	0.651559	0.0400176	0.022839	0.8118	2.07	6.57	100	0	0	0	0	0
225Re	75	225	0	0	0	100	0	15356.3	1000	14647.3	1000	12897.3	1414.21	0	0	0.00832	0.0082368	0.36	0.324	0.59	0.531	0	0	0.615142	0.0669725	0.0407947	0.651985	0.037355	0.0227303	0.82368	3.24	5.31	100	0	0	0	0	0
226Re	75	226	0	0	0	100	0	16524.3	1000	14609.3	1000	14263.3	1414.21	0	0	0.0078	0.007722	0.1	0.09	0.83	0.747	0	0	0.606614	0.0808324	0.0434109	0.649826	0.0411526	0.023594	0.7722	0.9	7.47	100	0	0	0	0	0
227Re	75	227	0	0	0	100	0	15744.3	1000	15239.3	1000	13714.3	1414.21	0	0	0.00677	0.0067023	0.24	0.216	0.63	0.567	0	0	0.612956	0.0726433	0.0414487	0.651377	0.0409058	0.02289	0.67023	2.16	5.67	100	0	0	0	0	0
201Os	76	201	0	0	0	100	0	5000	361	-1341	358	-6584	414.653	0	0	56.0858	55.5249	0	0	0	0	0	0	0.668	0.02	0.02	0.668	0.02	0.02	5552.49	0	0	100	0	0	0	0	0
202Os	76	202	0	0	0	100	0	4110	500	-762	447	-7103	614.95	0	0	50.617	50.1108	0	0	0	0	0	0	0.668	0.02	0.02	0.668	0.02	0.02	5011.08	0	0	100	0	0	0	0	0
203Os	76	203	0	0	0	100	0	7100	565	1299	500	-3573	720.44	0	0	6.61546	6.54931	0	0	0	0	0	0	0.668	0.02	0.02	0.668	0.02	0.02	654.931	0	0	100	0	0	0	0	0
204Os	76	204	0	0	0	100	0	5602.35	1000	2383.35	1000	-1632.65	1414.21	0	0	5.92264	5.86341	0.05	0.045	0	0	0	0	0.668	0.02	0.02	0.668	0.02	0.02	586.341	0.45	0	100	0	0	0	0	0
205Os	76	205	0	0	0	100	0	6955.35	1000	2742.35	1000	-259.653	1414.21	0	0	3.26105	3.22844	0.09	0.081	0	0	0	0	0.661043	0.0279226	0.0207426	0.668	0.02	0.02	322.844	0.81	0	100	0	0	0	0	0
206Os	76	206	0	0	0	100	0	5895.35	1000	2663.35	1000	-1257.65	1414.21	0	0	2.63277	2.60644	0.22	0.198	0	0	0	0	0.666954	0.0209223	0.0200161	0.668	0.02	0.02	260.644	1.98	0	100	0	0	0	0	0
207Os	76	207	0	0	0	100	0	7300.35	1000	3106.35	1000	220.347	1414.21	0	0	1.75575	1.73819	0.27	0.243	0	0	0	0	0.659126	0.0295446	0.0211936	0.668	0.02	0.02	173.819	2.43	0	100	0	0	0	0	0
208Os	76	208	0	0	0	100	0	6326.35	1000	3132.35	1000	-626.653	1414.21	0	0	0.88561	0.876754	0.66	0.594	0	0	0	0	0.666414	0.0221024	0.0199928	0.668	0.02	0.02	87.6754	5.94	0	100	0	0	0	0	0
209Os	76	209	0	0	0	100	0	7809.35	1000	3689.35	1000	1009.35	1414.21	0	0	0.10151	0.100495	0.29	0.261	0	0	0	0	0.656656	0.0321804	0.0220031	0.668	0.02	0.02	10.0495	2.61	0	100	0	0	0	0	0
210Os	76	210	0	0	0	100	0	6965.35	1000	3848.35	1000	373.347	1414.21	0	0	0.22412	0.221879	0.84	0.756	0	0	0	0	0.6635	0.0231959	0.0203276	0.668	0.02	0.02	22.1879	7.56	0	100	0	0	0	0	0
211Os	76	211	0	0	0	100	0	8504.35	1000	4546.35	1000	2131.35	1414.21	0	0	0.12592	0.124661	0.7	0.63	0.01	0.009	0	0	0.652455	0.0357101	0.0232553	0.668	0.02	0.02	12.4661	6.3	0.09	100	0	0	0	0	0
212Os	76	212	0	0	0	100	0	7758.35	1000	4807.35	1000	1650.35	1414.21	0	0	0.12435	0.123106	0.81	0.729	0	0	0	0	0.661135	0.0277947	0.0207269	0.668	0.02	0.02	12.3107	7.29	0	100	0	0	0	0	0
213Os	76	213	0	0	0	100	0	9354.35	1000	5624.35	1000	3531.35	1414.21	0	0	0.11539	0.114236	0.88	0.792	0.01	0.009	0	0	0.648827	0.0418592	0.0242274	0.666827	0.0204814	0.0200094	11.4236	7.92	0.09	100	0	0	0	0	0
214Os	76	214	0	0	0	100	0	8689.35	1000	5965.35	1000	3174.35	1414.21	0	0	0.06895	0.0682605	0.84	0.756	0	0	0	0	0.656331	0.0335128	0.0221152	0.668	0.02	0.02	6.82605	7.56	0	100	0	0	0	0	0
215Os	76	215	0	0	0	100	0	10307.3	1000	6857.35	1000	5095.35	1414.21	0	0	0.0631	0.062469	0.84	0.756	0.01	0.009	0	0	0.642233	0.0426764	0.0274555	0.665755	0.0219675	0.0200737	6.2469	7.56	0.09	100	0	0	0	0	0
216Os	76	216	0	0	0	100	0	9330.35	1000	6880.35	1000	4080.35	1414.21	0	0	0.05074	0.0502326	0.82	0.738	0	0	0	0	0.653474	0.0355006	0.0229623	0.666596	0.0208553	0.0200158	5.02326	7.38	0	100	0	0	0	0	0
217Os	76	217	0	0	0	100	0	10757.3	1000	7322.35	1000	5330.35	1414.21	0	0	0.05317	0.0526383	0.82	0.738	0.02	0.018	0	0	0.641057	0.0422963	0.0279361	0.665258	0.0219881	0.0201238	5.26383	7.38	0.18	100	0	0	0	0	0
218Os	76	218	0	0	0	100	0	10199.3	1000	7578.35	1000	5020.35	1414.21	0	0	0.04281	0.0423819	0.79	0.711	0	0	0	0	0.649919	0.0414732	0.0236957	0.665913	0.0219611	0.020061	4.23819	7.11	0	100	0	0	0	0	0
219Os	76	219	0	0	0	100	0	11804.3	1000	8606.35	1000	7040.35	1414.21	0	0	0.02896	0.0286704	0.68	0.612	0.02	0.018	0	0	0.634574	0.0453342	0.0300267	0.663021	0.0240883	0.0203239	2.86704	6.12	0.18	100	0	0	0	0	0
220Os	76	220	0	0	0	100	0	11224.3	1000	9031.35	1000	6866.35	1414.21	0	0	0.02813	0.0278487	0.82	0.738	0	0	0	0	0.64232	0.042727	0.0274265	0.66313	0.0236293	0.0203212	2.78487	7.38	0	100	0	0	0	0	0
221Os	76	221	0	0	0	100	0	12729.3	1000	9984.35	1000	8724.35	1414.21	0	0	0.02194	0.0217206	0.74	0.666	0.06	0.054	0	0	0.626425	0.0475935	0.0350151	0.660545	0.0279209	0.0207296	2.17206	6.66	0.54	100	0	0	0	0	0
222Os	76	222	0	0	0	100	0	12066.3	1000	10295.3	1000	8399.35	1414.21	0	0	0.02005	0.0198495	0.82	0.738	0.01	0.009	0	0	0.636779	0.046459	0.0295466	0.661136	0.0273526	0.0205988	1.98495	7.38	0.09	100	0	0	0	0	0
223Os	76	223	0	0	0	100	0	13461.3	1000	11120.3	1000	10088.3	1414.21	0	0	0.01808	0.0178992	0.7	0.63	0.12	0.108	0	0	0.622752	0.0543398	0.0355775	0.657295	0.0298244	0.021698	1.78992	6.3	1.08	100	0	0	0	0	0
224Os	76	224	0	0	0	100	0	12727.3	1000	11299.3	1000	9626.35	1414.21	0	0	0.01623	0.0160677	0.86	0.774	0.02	0.018	0	0	0.632909	0.0448206	0.0308187	0.658263	0.0292813	0.0213754	1.60677	7.74	0.18	100	0	0	0	0	0
225Os	76	225	0	0	0	100	0	14011.3	1000	12018.3	1000	11146.3	1414.21	0	0	0.01128	0.0111672	0.71	0.639	0.15	0.135	0	0	0.617774	0.0624627	0.0388359	0.655949	0.0342182	0.0218272	1.11672	6.39	1.35	100	0	0	0	0	0
226Os	76	226	0	0	0	100	0	13221.3	1000	12096.3	1000	10602.3	1414.21	0	0	0.01197	0.0118503	0.87	0.783	0.04	0.036	0	0	0.627365	0.0462753	0.0344434	0.656642	0.0313574	0.021807	1.18503	7.83	0.36	100	0	0	0	0	0
227Os	76	227	0	0	0	100	0	14426.3	1000	12716.3	1000	12010.3	1414.21	0	0	0.01021	0.0101079	0.59	0.531	0.35	0.315	0	0	0.614769	0.0676692	0.0410509	0.653527	0.035263	0.0224369	1.01079	5.31	3.15	100	0	0	0	0	0
228Os	76	228	0	0	0	100	0	13617.3	1000	12719.3	1000	11409.3	1414.21	0	0	0.00861	0.0085239	0.85	0.765	0.1	0.09	0	0	0.624557	0.0496251	0.0355937	0.655255	0.034735	0.0219858	0.85239	7.65	0.9	100	0	0	0	0	0
203Ir	77	203	0	0	0	100	0	5140	447	251	400	-6772	492.184	0	0	43.3748	42.941	0	0	0	0	0	0	0.668	0.02	0.02	0.668	0.02	0.02	4294.1	0	0	100	0	0	0	0	0
204Ir	77	204	0	0	0	100	0	8050	447	1869	447	-3021	490.523	0	0	7.04392	6.97348	0.01	0.009	0	0	0	0	0.66665	0.0207066	0.0200173	0.668	0.02	0.02	697.348	0.09	0	100	0	0	0	0	0
205Ir	77	205	0	0	0	100	0	7220	583	3949	539	-2233	685.719	0	0	6.29535	6.2324	0.19	0.171	0	0	0	0	0.6615	0.0270832	0.0205245	0.668	0.02	0.02	623.24	1.71	0	100	0	0	0	0	0
206Ir	77	206	0	0	0	100	0	8242.35	1000	3691.35	1000	795.347	1414.21	0	0	3.60775	3.57167	0.18	0.162	0	0	0	0	0.657046	0.0308245	0.0218727	0.668	0.02	0.02	357.167	1.62	0	100	0	0	0	0	0
207Ir	77	207	0	0	0	100	0	7113.35	1000	4048.35	1000	-314.653	1414.21	0	0	3.07093	3.04022	0.39	0.351	0	0	0	0	0.663627	0.0231502	0.0202924	0.668	0.02	0.02	304.022	3.51	0	100	0	0	0	0	0
208Ir	77	208	0	0	0	100	0	8465.35	1000	3919.35	1000	1076.35	1414.21	0	0	2.15158	2.13006	0.34	0.306	0.02	0.018	0	0	0.65639	0.0332727	0.0220951	0.668	0.02	0.02	213.006	3.06	0.18	100	0	0	0	0	0
209Ir	77	209	0	0	0	100	0	7408.35	1000	4345.35	1000	95.347	1414.21	0	0	1.60374	1.5877	0.65	0.585	0	0	0	0	0.663138	0.0243084	0.0204431	0.668	0.02	0.02	158.77	5.85	0	100	0	0	0	0	0
210Ir	77	210	0	0	0	100	0	8811.35	1000	4291.35	1000	1576.35	1414.21	0	0	0.69647	0.689505	0.68	0.612	0.04	0.036	0	0	0.654611	0.0356802	0.0226538	0.668	0.02	0.02	68.9505	6.12	0.36	100	0	0	0	0	0
211Ir	77	211	0	0	0	100	0	7876.35	1000	4853.35	1000	805.347	1414.21	0	0	0.1624	0.160776	0.95	0.855	0	0	0	0	0.661591	0.0274821	0.0206531	0.668	0.02	0.02	16.0776	8.55	0	100	0	0	0	0	0
212Ir	77	212	0	0	0	100	0	9346.35	1000	4925.35	1000	2443.35	1414.21	0	0	0.11373	0.112593	0.9	0.81	0.03	0.027	0	0	0.651886	0.0386117	0.0231526	0.668	0.02	0.02	11.2593	8.1	0.27	100	0	0	0	0	0
213Ir	77	213	0	0	0	100	0	8527.35	1000	5616.35	1000	1854.35	1414.21	0	0	0.11218	0.111058	0.97	0.873	0	0	0	0	0.65763	0.0298789	0.02168	0.668	0.02	0.02	11.1058	8.73	0	100	0	0	0	0	0
214Ir	77	214	0	0	0	100	0	10057.3	1000	5803.35	1000	3611.35	1414.21	0	0	0.10615	0.105089	0.89	0.801	0.06	0.054	0	0	0.648128	0.0421563	0.0245818	0.666778	0.0205297	0.0200098	10.5089	8.01	0.54	100	0	0	0	0	0
215Ir	77	215	0	0	0	100	0	9338.35	1000	6607.35	1000	3172.35	1414.21	0	0	0.08457	0.0837243	0.97	0.873	0	0	0	0	0.6535	0.0355062	0.0229577	0.668	0.02	0.02	8.37243	8.73	0	100	0	0	0	0	0
216Ir	77	216	0	0	0	100	0	10914.3	1000	6888.35	1000	5023.35	1414.21	0	0	0.06784	0.0671616	0.89	0.801	0.07	0.063	0	0	0.642218	0.0426677	0.0274632	0.665888	0.0219625	0.0200628	6.71616	8.01	0.63	100	0	0	0	0	0
217Ir	77	217	0	0	0	100	0	9959.35	1000	7479.35	1000	4083.35	1414.21	0	0	0.05447	0.0539253	0.97	0.873	0.01	0.009	0	0	0.651703	0.0397077	0.0230871	0.666592	0.0208687	0.0200159	5.39253	8.73	0.09	100	0	0	0	0	0
218Ir	77	218	0	0	0	100	0	11385.3	1000	7338.35	1000	5338.35	1414.21	0	0	0.04766	0.0471834	0.85	0.765	0.12	0.108	0	0	0.640864	0.0422398	0.0280343	0.665221	0.02199	0.0201281	4.71834	7.65	1.08	100	0	0	0	0	0
219Ir	77	219	0	0	0	100	0	10844.3	1000	8187.35	1000	5033.35	1414.21	0	0	0.04941	0.0489159	0.97	0.873	0.01	0.009	0	0	0.646148	0.0430917	0.0256587	0.665867	0.0219634	0.0200645	4.89159	8.73	0.09	100	0	0	0	0	0
220Ir	77	220	0	0	0	100	0	12467.3	1000	8651.35	1000	7084.35	1414.21	0	0	0.03776	0.0373824	0.72	0.648	0.14	0.126	0	0	0.634187	0.045196	0.0301522	0.662985	0.0242429	0.020325	3.73824	6.48	1.26	100	0	0	0	0	0
221Ir	77	221	0	0	0	100	0	11926.3	1000	9722.35	1000	6996.35	1414.21	0	0	0.03854	0.0381546	0.94	0.846	0.02	0.018	0	0	0.638367	0.0487485	0.0292433	0.663041	0.0240043	0.0203236	3.81546	8.46	0.18	100	0	0	0	0	0
222Ir	77	222	0	0	0	100	0	13510.3	1000	10155.3	1000	9001.35	1414.21	0	0	0.02992	0.0296208	0.59	0.531	0.28	0.252	0	0	0.625024	0.0481457	0.0355731	0.659803	0.028627	0.0209188	2.96208	5.31	2.52	100	0	0	0	0	0
223Ir	77	223	0	0	0	100	0	12931.3	1000	11169.3	1000	8826.35	1414.21	0	0	0.02497	0.0247203	0.92	0.828	0.05	0.045	0	0	0.632545	0.0446844	0.0310541	0.660246	0.0282036	0.0208034	2.47203	8.28	0.45	100	0	0	0	0	0
224Ir	77	224	0	0	0	100	0	14408.3	1000	11503.3	1000	10646.3	1414.21	0	0	0.02405	0.0238095	0.51	0.459	0.43	0.387	0	0	0.619511	0.0592833	0.0375336	0.656559	0.0316946	0.0218103	2.38095	4.59	3.87	100	0	0	0	0	0
225Ir	77	225	0	0	0	100	0	13767.3	1000	12415.3	1000	10352.3	1414.21	0	0	0.02103	0.0208197	0.84	0.756	0.14	0.126	0	0	0.624849	0.0484336	0.0356331	0.656934	0.0305312	0.0217997	2.08197	7.56	1.26	100	0	0	0	0	0
226Ir	77	226	0	0	0	100	0	15144.3	1000	12642.3	1000	12033.3	1414.21	0	0	0.01493	0.0147807	0.51	0.459	0.46	0.414	0	0	0.614324	0.0689571	0.0412223	0.653388	0.0352417	0.0224759	1.47807	4.59	4.14	100	0	0	0	0	0
227Ir	77	227	0	0	0	100	0	14422.3	1000	13434.3	1000	11594.3	1414.21	0	0	0.0158	0.015642	0.7	0.63	0.28	0.252	0	0	0.621283	0.0560829	0.036251	0.654656	0.0351085	0.0221385	1.5642	6.3	2.52	100	0	0	0	0	0
228Ir	77	228	0	0	0	100	0	15686.3	1000	13524.3	1000	13084.3	1414.21	0	0	0.01321	0.0130779	0.26	0.234	0.71	0.639	0	0	0.611359	0.0753032	0.0418487	0.651811	0.0384975	0.022775	1.30779	2.34	6.39	100	0	0	0	0	0
229Ir	77	229	0	0	0	100	0	14895.3	1000	14212.3	1000	12528.3	1414.21	0	0	0.01159	0.0114741	0.49	0.441	0.48	0.432	0	0	0.616908	0.0640316	0.0394905	0.652214	0.0357973	0.0227577	1.14741	4.41	4.32	100	0	0	0	0	0
205Pt	78	205	0	0	0	100	0	5750	361	-501	361	-5819	412.7	0	0	21.352	21.1385	0	0	0	0	0	0	0.668	0.02	0.02	0.668	0.02	0.02	2113.85	0	0	100	0	0	0	0	0
206Pt	78	206	0	0	0	100	0	4950	424	1259	361	-4993	556.864	0	0	20.7378	20.5304	0	0	0	0	0	0	0.668	0.02	0.02	0.668	0.02	0.02	2053.04	0	0	100	0	0	0	0	0
207Pt	78	207	0	0	0	100	0	6501	500	1980	500	-1712	616.702	0	0	9.15089	9.05938	0.01	0.009	0	0	0	0	0.666557	0.0209727	0.0200185	0.668	0.02	0.02	905.938	0.09	0	100	0	0	0	0	0
208Pt	78	208	0	0	0	100	0	5410	500	2069	500	-2453	655.573	0	0	9.24788	9.1554	0.05	0.045	0	0	0	0	0.666485	0.0212358	0.020023	0.668	0.02	0.02	915.54	0.45	0	100	0	0	0	0	0
209Pt	78	209	0	0	0	100	0	6241.35	1000	1836.35	1000	-1370.65	1414.21	0	0	5.1191	5.06791	0.07	0.063	0	0	0	0	0.663274	0.0237638	0.0203979	0.668	0.02	0.02	506.791	0.63	0	100	0	0	0	0	0
210Pt	78	210	0	0	0	100	0	5119.35	1000	1721.35	1000	-2464.65	1414.21	0	0	4.02553	3.98527	0.34	0.306	0	0	0	0	0.668	0.02	0.02	0.668	0.02	0.02	398.527	3.06	0	100	0	0	0	0	0
211Pt	78	211	0	0	0	100	0	6474.35	1000	2096.35	1000	-1068.65	1414.21	0	0	2.29281	2.26988	0.42	0.378	0	0	0	0	0.662926	0.025285	0.0204771	0.668	0.02	0.02	226.988	3.78	0	100	0	0	0	0	0
212Pt	78	212	0	0	0	100	0	5453.35	1000	2053.35	1000	-1988.65	1414.21	0	0	0.97044	0.960736	0.46	0.414	0	0	0	0	0.668	0.02	0.02	0.668	0.02	0.02	96.0736	4.14	0	100	0	0	0	0	0
213Pt	78	213	0	0	0	100	0	6873.35	1000	2542.35	1000	-454.653	1414.21	0	0	0.24586	0.243401	0.36	0.324	0	0	0	0	0.661424	0.0275997	0.0206809	0.668	0.02	0.02	24.3401	3.24	0	100	0	0	0	0	0
214Pt	78	214	0	0	0	100	0	5966.35	1000	2619.35	1000	-1192.65	1414.21	0	0	0.30113	0.298119	0.61	0.549	0	0	0	0	0.666774	0.0211221	0.020019	0.668	0.02	0.02	29.8119	5.49	0	100	0	0	0	0	0
215Pt	78	215	0	0	0	100	0	7452.35	1000	3235.35	1000	473.347	1414.21	0	0	0.19196	0.19004	0.49	0.441	0	0	0	0	0.657981	0.0296861	0.0215599	0.668	0.02	0.02	19.004	4.41	0	100	0	0	0	0	0
216Pt	78	216	0	0	0	100	0	6645.35	1000	3426.35	1000	-104.653	1414.21	0	0	0.15444	0.152896	0.51	0.459	0	0	0	0	0.664881	0.023051	0.0200911	0.668	0.02	0.02	15.2896	4.59	0	100	0	0	0	0	0
217Pt	78	217	0	0	0	100	0	8191.35	1000	4165.35	1000	1694.35	1414.21	0	0	0.14321	0.141778	0.69	0.621	0	0	0	0	0.654439	0.035663	0.0227029	0.668	0.02	0.02	14.1778	6.21	0	100	0	0	0	0	0
218Pt	78	218	0	0	0	100	0	7175.35	1000	4144.35	1000	658.347	1414.21	0	0	0.09539	0.0944361	0.54	0.486	0	0	0	0	0.663329	0.023549	0.0203798	0.668	0.02	0.02	9.44361	4.86	0	100	0	0	0	0	0
219Pt	78	219	0	0	0	100	0	8680.35	1000	4518.35	1000	1985.35	1414.21	0	0	0.08218	0.0813582	0.54	0.486	0	0	0	0	0.652675	0.0354915	0.0231968	0.668	0.02	0.02	8.13582	4.86	0	100	0	0	0	0	0
220Pt	78	220	0	0	0	100	0	8081.35	1000	4864.35	1000	1616.35	1414.21	0	0	0.09223	0.0913077	0.55	0.495	0	0	0	0	0.66027	0.0289319	0.0208986	0.668	0.02	0.02	9.13077	4.95	0	100	0	0	0	0	0
221Pt	78	221	0	0	0	100	0	9742.35	1000	5877.35	1000	3730.35	1414.21	0	0	0.06597	0.0653103	0.44	0.396	0	0	0	0	0.64675	0.0428046	0.0253231	0.666729	0.0206103	0.0200108	6.53103	3.96	0	100	0	0	0	0	0
222Pt	78	222	0	0	0	100	0	9186.35	1000	6387.35	1000	3634.35	1414.21	0	0	0.05578	0.0552222	0.52	0.468	0	0	0	0	0.653761	0.0355508	0.0228881	0.666767	0.0205481	0.02001	5.52222	4.68	0	100	0	0	0	0	0
223Pt	78	223	0	0	0	100	0	10815.3	1000	7424.35	1000	5706.35	1414.21	0	0	0.0443	0.043857	0.62	0.558	0	0	0	0	0.639021	0.0461066	0.0289687	0.664421	0.0224968	0.0202187	4.3857	5.58	0	100	0	0	0	0	0
224Pt	78	224	0	0	0	100	0	10272.3	1000	7910.35	1000	5612.35	1414.21	0	0	0.03808	0.0376992	0.64	0.576	0	0	0	0	0.647862	0.0423255	0.0247206	0.664621	0.0223537	0.0201993	3.76992	5.76	0	100	0	0	0	0	0
225Pt	78	225	0	0	0	100	0	11857.3	1000	8920.35	1000	7607.35	1414.21	0	0	0.03193	0.0316107	0.64	0.576	0.01	0.009	0	0	0.633023	0.044857	0.030752	0.662398	0.0258323	0.0203807	3.16107	5.76	0.09	100	0	0	0	0	0
226Pt	78	226	0	0	0	100	0	11279.3	1000	9355.35	1000	7432.35	1414.21	0	0	0.03234	0.0320166	0.71	0.639	0	0	0	0	0.640686	0.0421875	0.0281258	0.662688	0.0253152	0.0203438	3.20166	6.39	0	100	0	0	0	0	0
227Pt	78	227	0	0	0	100	0	12771.3	1000	10291.3	1000	9287.35	1414.21	0	0	0.01955	0.0193545	0.65	0.585	0.02	0.018	0	0	0.624741	0.0487898	0.0356419	0.659029	0.0291956	0.0211377	1.93545	5.85	0.18	100	0	0	0	0	0
228Pt	78	228	0	0	0	100	0	12125.3	1000	10609.3	1000	8981.35	1414.21	0	0	0.02036	0.0201564	0.79	0.711	0.01	0.009	0	0	0.635537	0.0461056	0.0297349	0.659807	0.0286238	0.0209177	2.01564	7.11	0.09	100	0	0	0	0	0
229Pt	78	229	0	0	0	100	0	13517.3	1000	11442.3	1000	10678.3	1414.21	0	0	0.01792	0.0177408	0.79	0.711	0.06	0.054	0	0	0.620291	0.0578748	0.036946	0.65649	0.0319799	0.0218132	1.77408	7.11	0.54	100	0	0	0	0	0
230Pt	78	230	0	0	0	100	0	12789.3	1000	11629.3	1000	10224.3	1414.21	0	0	0.01453	0.0143847	0.85	0.765	0.01	0.009	0	0	0.629879	0.0444101	0.0328002	0.657071	0.0302645	0.0217716	1.43847	7.65	0.09	100	0	0	0	0	0
207Au	79	207	0	0	0	100	0	5847	301	2234	301	-4495.36	302.494	0	0	23.4229	23.1887	0.03	0.027	0	0	0	0	0.666348	0.0216574	0.0200447	0.668	0.02	0.02	2318.87	0.27	0	100	0	0	0	0	0
208Au	79	208	0	0	0	100	0	7355	302	2506	301	-1107.32	304.248	0	0	9.47298	9.37825	0.04	0.036	0	0	0	0	0.665376	0.0219036	0.0201049	0.668	0.02	0.02	937.825	0.36	0	100	0	0	0	0	0
209Au	79	209	0	0	0	100	0	6380	427	2964	401	-1885	453.584	0	0	10.4102	10.3061	0.16	0.144	0	0	0	0	0.663539	0.022952	0.0202822	0.668	0.02	0.02	1030.61	1.44	0	100	0	0	0	0	0
210Au	79	210	0	0	0	100	0	7980	447	3218	427	-197	490.936	0	0	5.8317	5.77338	0.12	0.108	0	0	0	0	0.663216	0.023185	0.0202964	0.668	0.02	0.02	577.338	1.08	0	100	0	0	0	0	0
211Au	79	211	0	0	0	100	0	6375.35	1000	3147.35	1000	-1402.65	1414.21	0	0	5.01377	4.96363	0.38	0.342	0	0	0	0	0.668	0.02	0.02	0.668	0.02	0.02	496.363	3.42	0	100	0	0	0	0	0
212Au	79	212	0	0	0	100	0	7695.35	1000	2975.35	1000	-84.653	1414.21	0	0	0.33967	0.336273	0.36	0.324	0	0	0	0	0.66011	0.0290857	0.0209359	0.668	0.02	0.02	33.6273	3.24	0	100	0	0	0	0	0
213Au	79	213	0	0	0	100	0	6604.35	1000	3364.35	1000	-1126.65	1414.21	0	0	1.53912	1.52373	0.78	0.702	0	0	0	0	0.666316	0.0223021	0.0199949	0.668	0.02	0.02	152.373	7.02	0	100	0	0	0	0	0
214Au	79	214	0	0	0	100	0	7953.35	1000	3257.35	1000	277.347	1414.21	0	0	0.42249	0.418265	0.68	0.612	0	0	0	0	0.658532	0.0296095	0.021379	0.668	0.02	0.02	41.8265	6.12	0	100	0	0	0	0	0
215Au	79	215	0	0	0	100	0	6950.35	1000	3736.35	1000	-609.653	1414.21	0	0	0.39855	0.394564	0.93	0.837	0	0	0	0	0.664376	0.0233228	0.0201597	0.668	0.02	0.02	39.4564	8.37	0	100	0	0	0	0	0
216Au	79	216	0	0	0	100	0	8368.35	1000	3731.35	1000	937.347	1414.21	0	0	0.3002	0.297198	0.9	0.81	0	0	0	0	0.656643	0.0322491	0.0220092	0.668	0.02	0.02	29.7198	8.1	0	100	0	0	0	0	0
217Au	79	217	0	0	0	100	0	7488.35	1000	4342.35	1000	249.347	1414.21	0	0	0.18921	0.187318	0.95	0.855	0	0	0	0	0.662902	0.0254216	0.020478	0.668	0.02	0.02	18.7318	8.55	0	100	0	0	0	0	0
218Au	79	218	0	0	0	100	0	8964.35	1000	4457.35	1000	1915.35	1414.21	0	0	0.16808	0.166399	0.92	0.828	0	0	0	0	0.653117	0.0354462	0.0230731	0.668	0.02	0.02	16.6399	8.28	0	100	0	0	0	0	0
219Au	79	219	0	0	0	100	0	7866.35	1000	4802.35	1000	682.347	1414.21	0	0	0.14101	0.1396	0.96	0.864	0	0	0	0	0.662258	0.0269619	0.0205533	0.668	0.02	0.02	13.96	8.64	0	100	0	0	0	0	0
220Au	79	220	0	0	0	100	0	9456.35	1000	4649.35	1000	2085.35	1414.21	0	0	0.12334	0.122107	0.87	0.783	0.01	0.009	0	0	0.65207	0.037432	0.023226	0.668	0.02	0.02	12.2107	7.83	0.09	100	0	0	0	0	0
221Au	79	221	0	0	0	100	0	8799.35	1000	5591.35	1000	1726.35	1414.21	0	0	0.11336	0.112226	0.92	0.828	0	0	0	0	0.657179	0.0305735	0.0218303	0.668	0.02	0.02	11.2226	8.28	0	100	0	0	0	0	0
222Au	79	222	0	0	0	100	0	10410.3	1000	6000.35	1000	3755.35	1414.21	0	0	0.06907	0.0683793	0.77	0.693	0.01	0.009	0	0	0.646177	0.0430797	0.0256445	0.666717	0.0206313	0.0200111	6.83793	6.93	0.09	100	0	0	0	0	0
223Au	79	223	0	0	0	100	0	9825.35	1000	7019.35	1000	3644.35	1414.21	0	0	0.07096	0.0702504	0.94	0.846	0	0	0	0	0.651795	0.0391618	0.0231266	0.666761	0.0205583	0.0200101	7.02504	8.46	0	100	0	0	0	0	0
224Au	79	224	0	0	0	100	0	11450.3	1000	7463.35	1000	5704.35	1414.21	0	0	0.05245	0.0519255	0.79	0.711	0.04	0.036	0	0	0.638699	0.0474179	0.0291177	0.664404	0.0225109	0.0202207	5.19255	7.11	0.36	100	0	0	0	0	0
225Au	79	225	0	0	0	100	0	10886.3	1000	8513.35	1000	5594.35	1414.21	0	0	0.04988	0.0493812	0.94	0.846	0	0	0	0	0.643982	0.0441247	0.026858	0.664637	0.0223429	0.0201979	4.93812	8.46	0	100	0	0	0	0	0
226Au	79	226	0	0	0	100	0	12502.3	1000	8962.35	1000	7648.35	1414.21	0	0	0.03851	0.0381249	0.77	0.693	0.1	0.09	0	0	0.632279	0.0445865	0.0312286	0.662304	0.0260049	0.0203934	3.81249	6.93	0.9	100	0	0	0	0	0
227Au	79	227	0	0	0	100	0	11957.3	1000	10022.3	1000	7559.35	1414.21	0	0	0.04485	0.0444015	0.91	0.819	0.01	0.009	0	0	0.637071	0.0466082	0.0295365	0.662452	0.0257362	0.020374	4.44015	8.19	0.09	100	0	0	0	0	0
228Au	79	228	0	0	0	100	0	13532.3	1000	10441.3	1000	9543.35	1414.21	0	0	0.0274	0.027126	0.7	0.63	0.17	0.153	0	0	0.624115	0.0515832	0.0355136	0.658326	0.029276	0.0213557	2.7126	6.3	1.53	100	0	0	0	0	0
229Au	79	229	0	0	0	100	0	12959.3	1000	11457.3	1000	9375.35	1414.21	0	0	0.03138	0.0310662	0.91	0.819	0.04	0.036	0	0	0.629825	0.044431	0.0328378	0.658754	0.0292274	0.0212209	3.10662	8.19	0.36	100	0	0	0	0	0
230Au	79	230	0	0	0	100	0	14446.3	1000	11799.3	1000	11217.3	1414.21	0	0	0.02524	0.0249876	0.6	0.54	0.36	0.324	0	0	0.617354	0.0632386	0.0391553	0.655603	0.0345233	0.021903	2.49876	5.4	3.24	100	0	0	0	0	0
231Au	79	231	0	0	0	100	0	13818.3	1000	12725.3	1000	10942.3	1414.21	0	0	0.01944	0.0192456	0.85	0.765	0.13	0.117	0	0	0.623921	0.0520485	0.0354728	0.656121	0.0335136	0.0218248	1.92456	7.65	1.17	100	0	0	0	0	0
212Hg	80	212	0	0	0	100	0	4571	361	1027	303	-3876	413.185	0	0	20.599	20.393	0.02	0.018	0	0	0	0	0.668	0.02	0.02	0.668	0.02	0.02	2039.3	0.18	0	100	0	0	0	0	0
213Hg	80	213	0	0	0	100	0	6416	301	1680	361	-1864.83	305.103	0	0	9.90717	9.8081	0.04	0.036	0	0	0	0	0.666803	0.020425	0.0200149	0.668	0.02	0.02	980.81	0.36	0	100	0	0	0	0	0
214Hg	80	214	0	0	0	100	0	5306	445	1915	401	-2821	525.761	0	0	5.47294	5.41821	0.1	0.09	0	0	0	0	0.666607	0.0207783	0.0200205	0.668	0.02	0.02	541.821	0.9	0	100	0	0	0	0	0
215Hg	80	215	0	0	0	100	0	7079	500	2574	445	-817	583.61	0	0	0.39519	0.391238	0.04	0.036	0	0	0	0	0.665068	0.0220021	0.0201516	0.668	0.02	0.02	39.1238	0.36	0	100	0	0	0	0	0
216Hg	80	216	0	0	0	100	0	6050	500	2819	500	-1687	614.95	0	0	1.29798	1.285	0.2	0.18	0	0	0	0	0.664002	0.0227873	0.0202584	0.668	0.02	0.02	128.5	1.8	0	100	0	0	0	0	0
217Hg	80	217	0	0	0	100	0	5903.35	1000	1381.35	1000	-1876.65	1414.21	0	0	0.3026	0.299574	0.09	0.081	0	0	0	0	0.66426	0.0232967	0.0201774	0.668	0.02	0.02	29.9574	0.81	0	100	0	0	0	0	0
218Hg	80	218	0	0	0	100	0	4929.35	1000	1396.35	1000	-2718.65	1414.21	0	0	0.4794	0.474606	0.15	0.135	0	0	0	0	0.668	0.02	0.02	0.668	0.02	0.02	47.4606	1.35	0	100	0	0	0	0	0
219Hg	80	219	0	0	0	100	0	6303.35	1000	1865.35	1000	-1261.65	1414.21	0	0	0.18903	0.18714	0.14	0.126	0	0	0	0	0.663179	0.0241516	0.0204279	0.668	0.02	0.02	18.714	1.26	0	100	0	0	0	0	0
220Hg	80	220	0	0	0	100	0	5326.35	1000	1496.35	1000	-2536.65	1414.21	0	0	0.24239	0.239966	0.23	0.207	0	0	0	0	0.668	0.02	0.02	0.668	0.02	0.02	23.9966	2.07	0	100	0	0	0	0	0
221Hg	80	221	0	0	0	100	0	6873.35	1000	2118.35	1000	-1132.65	1414.21	0	0	0.16999	0.16829	0.21	0.189	0	0	0	0	0.662368	0.0267639	0.0205382	0.668	0.02	0.02	16.829	1.89	0	100	0	0	0	0	0
222Hg	80	222	0	0	0	100	0	6149.35	1000	2463.35	1000	-1459.65	1414.21	0	0	0.23987	0.237471	0.23	0.207	0	0	0	0	0.666748	0.0957902	0.02002	0.668	0.02	0.02	23.7471	2.07	0	100	0	0	0	0	0
223Hg	80	223	0	0	0	100	0	7739.35	1000	3343.35	1000	532.347	1414.21	0	0	0.13527	0.133917	0.16	0.144	0	0	0	0	0.65716	0.0306136	0.0218371	0.668	0.02	0.02	13.3917	1.44	0	100	0	0	0	0	0
224Hg	80	224	0	0	0	100	0	7089.35	1000	3752.35	1000	306.347	1414.21	0	0	0.12787	0.126591	0.2	0.18	0	0	0	0	0.663351	0.0234773	0.020372	0.668	0.02	0.02	12.6591	1.8	0	100	0	0	0	0	0
225Hg	80	225	0	0	0	100	0	8705.35	1000	4716.35	1000	2353.35	1414.21	0	0	0.09499	0.0940401	0.31	0.279	0	0	0	0	0.651925	0.0383946	0.0231762	0.668	0.02	0.02	9.40401	2.79	0	100	0	0	0	0	0
226Hg	80	226	0	0	0	100	0	8102.35	1000	5165.35	1000	2196.35	1414.21	0	0	0.09391	0.0929709	0.4	0.36	0	0	0	0	0.658699	0.029595	0.0213264	0.668	0.02	0.02	9.29709	3.6	0	100	0	0	0	0	0
227Hg	80	227	0	0	0	100	0	9728.35	1000	6167.35	1000	4261.35	1414.21	0	0	0.07522	0.0744678	0.44	0.396	0	0	0	0	0.644898	0.0439158	0.0263824	0.666514	0.0211412	0.0200201	7.44678	3.96	0	100	0	0	0	0	0
228Hg	80	228	0	0	0	100	0	9159.35	1000	6637.35	1000	4140.35	1414.21	0	0	0.06883	0.0681417	0.46	0.414	0	0	0	0	0.6523	0.0358866	0.0233137	0.666562	0.0209716	0.0200173	6.81417	4.14	0	100	0	0	0	0	0
229Hg	80	229	0	0	0	100	0	10779.3	1000	7657.35	1000	6193.35	1414.21	0	0	0.04307	0.0426393	0.42	0.378	0	0	0	0	0.637618	0.0483719	0.0294993	0.663523	0.0229953	0.0203133	4.26393	3.78	0	100	0	0	0	0	0
230Hg	80	230	0	0	0	100	0	10222.3	1000	8132.35	1000	6079.35	1414.21	0	0	0.0473	0.046827	0.56	0.504	0	0	0	0	0.64633	0.0429923	0.0255596	0.663595	0.0229532	0.0203118	4.6827	5.04	0	100	0	0	0	0	0
231Hg	80	231	0	0	0	100	0	11799.3	1000	9129.35	1000	8065.35	1414.21	0	0	0.03688	0.0365112	0.69	0.621	0	0	0	0	0.631078	0.044135	0.0320118	0.661584	0.0270341	0.02051	3.65112	6.21	0	100	0	0	0	0	0
232Hg	80	232	0	0	0	100	0	11240.3	1000	9569.35	1000	7922.35	1414.21	0	0	0.03107	0.0307593	0.71	0.639	0	0	0	0	0.639069	0.045931	0.0289495	0.661823	0.0268651	0.0204653	3.07593	6.39	0	100	0	0	0	0	0
217Tl	81	217	0	0	0	100	0	6399	500	3079	447	-1826	585.683	0	0	3.10764	3.07656	0.72	0.648	0	0	0	0	0.663382	0.0230661	0.0203051	0.668	0.02	0.02	307.656	6.48	0	100	0	0	0	0	0
218Tl	81	218	0	0	0	100	0	8081	500	3379	500	58	616.702	0	0	1.4366	1.42223	0.59	0.531	0	0	0	0	0.662998	0.0241636	0.0203193	0.668	0.02	0.02	142.223	5.31	0	100	0	0	0	0	0
219Tl	81	219	0	0	0	100	0	6692.35	1000	3374.35	1000	-1275.65	1414.21	0	0	0.77118	0.763468	0.87	0.783	0	0	0	0	0.666326	0.0222849	0.0199942	0.668	0.02	0.02	76.3468	7.83	0	100	0	0	0	0	0
220Tl	81	220	0	0	0	100	0	7565.35	1000	2862.35	1000	-698.653	1414.21	0	0	0.40299	0.39896	0.56	0.504	0	0	0	0	0.662117	0.0271343	0.0205756	0.668	0.02	0.02	39.896	5.04	0	100	0	0	0	0	0
221Tl	81	221	0	0	0	100	0	5987.35	1000	2810.35	1000	-2591.65	1414.21	0	0	0.38259	0.378764	0.93	0.837	0	0	0	0	0.668	0.02	0.02	0.668	0.02	0.02	37.8764	8.37	0	100	0	0	0	0	0
222Tl	81	222	0	0	0	100	0	6817.35	1000	2301.35	1000	-1616.65	1414.21	0	0	0.29138	0.288466	0.66	0.594	0	0	0	0	0.66331	0.0236359	0.0203844	0.668	0.02	0.02	28.8466	5.94	0	100	0	0	0	0	0
223Tl	81	223	0	0	0	100	0	5441.35	1000	2421.35	1000	-2632.65	1414.21	0	0	0.33131	0.327997	0.8	0.72	0	0	0	0	0.668	0.02	0.02	0.668	0.02	0.02	32.7997	7.2	0	100	0	0	0	0	0
224Tl	81	224	0	0	0	100	0	6663.35	1000	2104.35	1000	-1059.65	1414.21	0	0	0.24461	0.242164	0.47	0.423	0	0	0	0	0.663058	0.0246599	0.0204678	0.668	0.02	0.02	24.2164	4.23	0	100	0	0	0	0	0
225Tl	81	225	0	0	0	100	0	5732.35	1000	2674.35	1000	-1583.65	1414.21	0	0	0.27952	0.276725	0.76	0.684	0	0	0	0	0.666743	0.032048	0.0200202	0.668	0.02	0.02	27.6725	6.84	0	100	0	0	0	0	0
226Tl	81	226	0	0	0	100	0	7140.35	1000	2795.35	1000	223.347	1414.21	0	0	0.17676	0.174992	0.74	0.666	0	0	0	0	0.660472	0.0287585	0.0208568	0.668	0.02	0.02	17.4992	6.66	0	100	0	0	0	0	0
227Tl	81	227	0	0	0	100	0	6404.35	1000	3579.35	1000	-84.653	1414.21	0	0	0.13957	0.138174	0.84	0.756	0	0	0	0	0.663861	0.0232065	0.0202456	0.668	0.02	0.02	13.8174	7.56	0	100	0	0	0	0	0
228Tl	81	228	0	0	0	100	0	7972.35	1000	3882.35	1000	1897.35	1414.21	0	0	0.10838	0.107296	0.67	0.603	0.01	0.009	0	0	0.655745	0.0350059	0.0223339	0.668	0.02	0.02	10.7296	6.03	0.09	100	0	0	0	0	0
229Tl	81	229	0	0	0	100	0	7421.35	1000	4850.35	1000	1785.35	1414.21	0	0	0.09767	0.0966933	0.84	0.756	0	0	0	0	0.65999	0.0292083	0.0209659	0.668	0.02	0.02	9.66933	7.56	0	100	0	0	0	0	0
230Tl	81	230	0	0	0	100	0	9139.35	1000	5331.35	1000	3934.35	1414.21	0	0	0.05163	0.0511137	0.76	0.684	0.02	0.018	0	0	0.649391	0.0416713	0.023954	0.666641	0.0207692	0.0200136	5.11137	6.84	0.18	100	0	0	0	0	0
231Tl	81	231	0	0	0	100	0	8763.35	1000	6469.35	1000	4009.35	1414.21	0	0	0.05667	0.0561033	0.9	0.81	0	0	0	0	0.652247	0.0362436	0.0232978	0.666611	0.0208265	0.0200149	5.61033	8.1	0	100	0	0	0	0	0
232Tl	81	232	0	0	0	100	0	10588.3	1000	7092.35	1000	6253.35	1414.21	0	0	0.04889	0.0484011	0.85	0.765	0.07	0.063	0	0	0.639509	0.0441779	0.0287275	0.663477	0.0230224	0.0203145	4.84011	7.65	0.63	100	0	0	0	0	0
233Tl	81	233	0	0	0	100	0	10359.3	1000	8361.35	1000	6465.35	1414.21	0	0	0.03707	0.0366993	0.94	0.846	0.01	0.009	0	0	0.643151	0.0433072	0.0271646	0.663343	0.023102	0.0203174	3.66993	8.46	0.09	100	0	0	0	0	0
219Pb	82	219	0	0	0	100	0	4300	447	-668	401	-4253	490.112	0	0	16.792	16.624	0	0	0	0	0	0	0.668	0.02	0.02	0.668	0.02	0.02	1662.4	0	0	100	0	0	0	0	0
220Pb	82	220	0	0	0	100	0	3171	500	-261	447	-5228	583.61	0	0	6.92232	6.8531	0	0	0	0	0	0	0.668	0.02	0.02	0.668	0.02	0.02	685.31	0	0	100	0	0	0	0	0
221Pb	82	221	0	0	0	100	0	4860.35	1000	137.347	1000	-3017.65	1414.21	0	0	0.5312	0.525888	0	0	0	0	0	0	0.666793	0.0210051	0.0200183	0.668	0.02	0.02	52.5888	0	0	100	0	0	0	0	0
222Pb	82	222	0	0	0	100	0	4027.35	1000	344.347	1000	-3661.65	1414.21	0	0	1.51068	1.49557	0	0	0	0	0	0	0.668	0.02	0.02	0.668	0.02	0.02	149.557	0	0	100	0	0	0	0	0
223Pb	82	223	0	0	0	100	0	5568.35	1000	1007.35	1000	-1961.65	1414.21	0	0	0.93147	0.922155	0.01	0.009	0	0	0	0	0.665131	0.0231676	0.0200315	0.668	0.02	0.02	92.2155	0.09	0	100	0	0	0	0	0
224Pb	82	224	0	0	0	100	0	4537.35	1000	1009.35	1000	-3034.65	1414.21	0	0	0.72916	0.721868	0.01	0.009	0	0	0	0	0.668	0.02	0.02	0.668	0.02	0.02	72.1868	0.09	0	100	0	0	0	0	0
225Pb	82	225	0	0	0	100	0	5828.35	1000	1479.35	1000	-1780.65	1414.21	0	0	0.36648	0.362815	0.02	0.018	0	0	0	0	0.664155	0.0232748	0.0201935	0.668	0.02	0.02	36.2815	0.18	0	100	0	0	0	0	0
226Pb	82	226	0	0	0	100	0	4779.35	1000	1483.35	1000	-2614.65	1414.21	0	0	0.57998	0.57418	0.04	0.036	0	0	0	0	0.668	0.02	0.02	0.668	0.02	0.02	57.418	0.36	0	100	0	0	0	0	0
227Pb	82	227	0	0	0	100	0	6277.35	1000	1954.35	1000	-883.653	1414.21	0	0	0.31545	0.312296	0.06	0.054	0	0	0	0	0.662892	0.0254909	0.0204806	0.668	0.02	0.02	31.2296	0.54	0	100	0	0	0	0	0
228Pb	82	228	0	0	0	100	0	5594.35	1000	2187.35	1000	-1311.65	1414.21	0	0	0.26082	0.258212	0.1	0.09	0	0	0	0	0.667109	0.0380146	0.0200162	0.668	0.02	0.02	25.8212	0.9	0	100	0	0	0	0	0
229Pb	82	229	0	0	0	100	0	7187.35	1000	3023.35	1000	535.347	1414.21	0	0	0.17703	0.17526	0.15	0.135	0	0	0	0	0.658335	0.0296357	0.0214441	0.668	0.02	0.02	17.526	1.35	0	100	0	0	0	0	0
230Pb	82	230	0	0	0	100	0	6555.35	1000	3379.35	1000	184.347	1414.21	0	0	0.18814	0.186259	0.2	0.18	0	0	0	0	0.664259	0.0232991	0.0201765	0.668	0.02	0.02	18.6259	1.8	0	100	0	0	0	0	0
231Pb	82	231	0	0	0	100	0	8164.35	1000	4261.35	1000	2070.35	1414.21	0	0	0.09102	0.0901098	0.18	0.162	0	0	0	0	0.653287	0.0354792	0.023035	0.668	0.02	0.02	9.01098	1.62	0	100	0	0	0	0	0
232Pb	82	232	0	0	0	100	0	7584.35	1000	4668.35	1000	1801.35	1414.21	0	0	0.11401	0.11287	0.32	0.288	0	0	0	0	0.660916	0.0281724	0.0207705	0.668	0.02	0.02	11.287	2.88	0	100	0	0	0	0	0
233Pb	82	233	0	0	0	100	0	9184.35	1000	5586.35	1000	3695.35	1414.21	0	0	0.09386	0.0929214	0.47	0.423	0	0	0	0	0.648545	0.0419732	0.0243745	0.666733	0.0206048	0.0200106	9.29214	4.23	0	100	0	0	0	0	0
234Pb	82	234	0	0	0	100	0	8621.35	1000	5994.35	1000	3438.35	1414.21	0	0	0.0676	0.066924	0.49	0.441	0	0	0	0	0.655799	0.0349776	0.0223126	0.666879	0.0204561	0.0200094	6.6924	4.41	0	100	0	0	0	0	0
221Bi	83	221	0	0	0	100	0	4426	301	865	300	-4624.24	302.05	0	0	4.97564	4.92588	0.02	0.018	0	0	0	0	0.668	0.02	0.02	0.668	0.02	0.02	492.588	0.18	0	100	0	0	0	0	0
222Bi	83	222	0	0	0	100	0	6464	303	1105	301	-2455.83	306.148	0	0	3.93335	3.89402	0.07	0.063	0	0	0	0	0.668	0.02	0.02	0.668	0.02	0.02	389.402	0.63	0	100	0	0	0	0	0
223Bi	83	223	0	0	0	100	0	5161	445	1682	402	-3677	486.656	0	0	3.4066	3.37253	0.17	0.153	0	0	0	0	0.666794	0.0204577	0.020013	0.668	0.02	0.02	337.253	1.53	0	100	0	0	0	0	0
224Bi	83	224	0	0	0	100	0	7159	445	1920	445	-1560	487.878	0	0	2.27951	2.25671	0.12	0.108	0	0	0	0	0.666598	0.0208061	0.0200199	0.668	0.02	0.02	225.671	1.08	0	100	0	0	0	0	0
225Bi	83	225	0	0	0	100	0	5814.35	1000	2280.35	1000	-2056.65	1414.21	0	0	1.44616	1.4317	0.26	0.234	0	0	0	0	0.667182	0.0356789	0.020017	0.668	0.02	0.02	143.17	2.34	0	100	0	0	0	0	0
226Bi	83	226	0	0	0	100	0	7393.35	1000	2518.35	1000	-245.653	1414.21	0	0	0.65074	0.644233	0.16	0.144	0	0	0	0	0.660861	0.0282731	0.0207811	0.668	0.02	0.02	64.4233	1.44	0	100	0	0	0	0	0
227Bi	83	227	0	0	0	100	0	6413.35	1000	3070.35	1000	-1197.65	1414.21	0	0	1.18082	1.16901	0.4	0.36	0	0	0	0	0.668	0.02	0.02	0.668	0.02	0.02	116.901	3.6	0	100	0	0	0	0	0
228Bi	83	228	0	0	0	100	0	7635.35	1000	3006.35	1000	-85.653	1414.21	0	0	0.45633	0.451767	0.22	0.198	0	0	0	0	0.660273	0.0289531	0.0209033	0.668	0.02	0.02	45.1767	1.98	0	100	0	0	0	0	0
229Bi	83	229	0	0	0	100	0	6562.35	1000	3471.35	1000	-1000.65	1414.21	0	0	0.48209	0.477269	0.54	0.486	0	0	0	0	0.665768	0.0226697	0.0199947	0.668	0.02	0.02	47.7269	4.86	0	100	0	0	0	0	0
230Bi	83	230	0	0	0	100	0	7969.35	1000	3386.35	1000	638.347	1414.21	0	0	0.29502	0.29207	0.42	0.378	0	0	0	0	0.657446	0.0300758	0.0217467	0.668	0.02	0.02	29.207	3.78	0	100	0	0	0	0	0
231Bi	83	231	0	0	0	100	0	7283.35	1000	4066.35	1000	214.347	1414.21	0	0	0.15598	0.15442	0.44	0.396	0	0	0	0	0.662975	0.0250444	0.0204815	0.668	0.02	0.02	15.442	3.96	0	100	0	0	0	0	0
232Bi	83	232	0	0	0	100	0	8862.35	1000	4367.35	1000	2051.35	1414.21	0	0	0.09735	0.0963765	0.42	0.378	0	0	0	0	0.652791	0.0353991	0.0231808	0.668	0.02	0.02	9.63765	3.78	0	100	0	0	0	0	0
233Bi	83	233	0	0	0	100	0	8231.35	1000	5264.35	1000	1724.35	1414.21	0	0	0.10334	0.102307	0.6	0.54	0	0	0	0	0.658211	0.0296505	0.0214857	0.668	0.02	0.02	10.2307	5.4	0	100	0	0	0	0	0
234Bi	83	234	0	0	0	100	0	9811.35	1000	5604.35	1000	3593.35	1414.21	0	0	0.13805	0.136669	0.78	0.702	0.01	0.009	0	0	0.648468	0.0420033	0.0244148	0.666772	0.020543	0.0200097	13.6669	7.02	0.09	100	0	0	0	0	0
235Bi	83	235	0	0	0	100	0	9233.35	1000	6528.35	1000	3329.35	1414.21	0	0	0.10055	0.0995445	0.84	0.756	0	0	0	0	0.652774	0.0354129	0.0231858	0.66697	0.020428	0.0200102	9.95445	7.56	0	100	0	0	0	0	0
220Po	84	220	0	0	0	100	0	887.714	22.5491	-3203.88	17.9919	-8979.39	28.914	0	0	421.174	416.963	0	0	0	0	0	0	0.668	0.02	0.02	0.668	0.02	0.02	41696.3	0	0	100	0	0	0	0	0
223Po	84	223	0	0	0	100	0	3651	196	-1946	196	-5846.36	196.994	0	0	4.00515	3.9651	0	0	0	0	0	0	0.668	0.02	0.02	0.668	0.02	0.02	396.51	0	0	100	0	0	0	0	0
224Po	84	224	0	0	0	100	0	2199	197	-1589	196	-7185.65	198.896	0	0	12.2657	12.143	0	0	0	0	0	0	0.668	0.02	0.02	0.668	0.02	0.02	1214.3	0	0	100	0	0	0	0	0
225Po	84	225	0	0	0	100	0	4280	424	-1202	301	-4991	519.4	0	0	6.78719	6.71932	0	0	0	0	0	0	0.668	0.02	0.02	0.668	0.02	0.02	671.932	0	0	100	0	0	0	0	0
226Po	84	226	0	0	0	100	0	2889	500	-822	500	-6305	583.61	0	0	4.05044	4.00994	0	0	0	0	0	0	0.668	0.02	0.02	0.668	0.02	0.02	400.994	0	0	100	0	0	0	0	0
227Po	84	227	0	0	0	100	0	4850	500	-451	500	-4162	655.573	0	0	1.3363	1.32294	0	0	0	0	0	0	0.668	0.02	0.02	0.668	0.02	0.02	132.294	0	0	100	0	0	0	0	0
228Po	84	228	0	0	0	100	0	4262.35	1000	421.347	1000	-3703.65	1414.21	0	0	2.08545	2.0646	0	0	0	0	0	0	0.668	0.02	0.02	0.668	0.02	0.02	206.46	0	0	100	0	0	0	0	0
229Po	84	229	0	0	0	100	0	5846.35	1000	1171.35	1000	-1865.65	1414.21	0	0	0.91533	0.906177	0	0	0	0	0	0	0.664189	0.0232852	0.020187	0.668	0.02	0.02	90.6177	0	0	100	0	0	0	0	0
230Po	84	230	0	0	0	100	0	4889.35	1000	1263.35	1000	-2776.65	1414.21	0	0	0.8705	0.861795	0	0	0	0	0	0	0.668	0.02	0.02	0.668	0.02	0.02	86.1795	0	0	100	0	0	0	0	0
231Po	84	231	0	0	0	100	0	6067.35	1000	1672.35	1000	-1723.65	1414.21	0	0	0.54236	0.536936	0.01	0.009	0	0	0	0	0.66377	0.0231896	0.0202611	0.668	0.02	0.02	53.6936	0.09	0	100	0	0	0	0	0
232Po	84	232	0	0	0	100	0	4925.35	1000	1572.35	1000	-2776.65	1414.21	0	0	0.57917	0.573378	0.02	0.018	0	0	0	0	0.668	0.02	0.02	0.668	0.02	0.02	57.3378	0.18	0	100	0	0	0	0	0
233Po	84	233	0	0	0	100	0	6361.35	1000	1958.35	1000	-1091.65	1414.21	0	0	0.22652	0.224255	0.04	0.036	0	0	0	0	0.662952	0.0251754	0.0204823	0.668	0.02	0.02	22.4255	0.36	0	100	0	0	0	0	0
234Po	84	234	0	0	0	100	0	5691.35	1000	2154.35	1000	-1474.65	1414.21	0	0	0.27573	0.272973	0.08	0.072	0	0	0	0	0.667142	0.0222469	0.0200165	0.668	0.02	0.02	27.2973	0.72	0	100	0	0	0	0	0
235Po	84	235	0	0	0	100	0	7251.35	1000	2986.35	1000	347.347	1414.21	0	0	0.23904	0.23665	0.17	0.153	0	0	0	0	0.658613	0.0296128	0.0213558	0.668	0.02	0.02	23.665	1.53	0	100	0	0	0	0	0
236Po	84	236	0	0	0	100	0	6622.35	1000	3342.35	1000	15.347	1414.21	0	0	0.15821	0.156628	0.22	0.198	0	0	0	0	0.664377	0.0233294	0.0201574	0.668	0.02	0.02	15.6628	1.98	0	100	0	0	0	0	0
225At	85	225	0	0	0	100	0	3765	300	-217	300	-6233.23	300.309	0	0	4.70464	4.65759	0	0	0	0	0	0	0.668	0.02	0.02	0.668	0.02	0.02	465.759	0	0	100	0	0	0	0	0
226At	85	226	0	0	0	100	0	5913	300	55	300	-3927.54	300.343	0	0	14.157	14.0154	0	0	0	0	0	0	0.668	0.02	0.02	0.668	0.02	0.02	1401.54	0	0	100	0	0	0	0	0
227At	85	227	0	0	0	100	0	4544	300	612	300	-5246.94	300.537	0	0	8.89936	8.81037	0	0	0	0	0	0	0.668	0.02	0.02	0.668	0.02	0.02	881.037	0	0	100	0	0	0	0	0
228At	85	228	0	0	0	100	0	6637	400	923	400	-3009.36	400.527	0	0	2.30294	2.27991	0	0	0	0	0	0	0.668	0.02	0.02	0.668	0.02	0.02	227.991	0	0	100	0	0	0	0	0
229At	85	229	0	0	0	100	0	5527	400	1575	400	-4139.07	400.461	0	0	2.40203	2.37801	0.03	0.027	0	0	0	0	0.666979	0.0204022	0.0200134	0.668	0.02	0.02	237.801	0.27	0	100	0	0	0	0	0
230At	85	230	0	0	0	100	0	6802.35	1000	1636.35	1000	-1492.65	1414.21	0	0	0.77255	0.764824	0.02	0.018	0	0	0	0	0.663226	0.0239813	0.0204093	0.668	0.02	0.02	76.4825	0.18	0	100	0	0	0	0	0
231At	85	231	0	0	0	100	0	6040.35	1000	2407.35	1000	-1973.65	1414.21	0	0	1.84227	1.82385	0.12	0.108	0	0	0	0	0.666841	0.0209609	0.0200173	0.668	0.02	0.02	182.385	1.08	0	100	0	0	0	0	0
232At	85	232	0	0	0	100	0	7607.35	1000	2687.35	1000	-132.653	1414.21	0	0	0.99072	0.980813	0.09	0.081	0	0	0	0	0.660062	0.02916	0.0209536	0.668	0.02	0.02	98.0813	0.81	0	100	0	0	0	0	0
233At	85	233	0	0	0	100	0	6589.35	1000	3204.35	1000	-1158.65	1414.21	0	0	1.01848	1.0083	0.29	0.261	0	0	0	0	0.66637	0.0222044	0.0199925	0.668	0.02	0.02	100.83	2.61	0	100	0	0	0	0	0
234At	85	234	0	0	0	100	0	7680.35	1000	3052.35	1000	-250.653	1414.21	0	0	0.36878	0.365092	0.22	0.198	0	0	0	0	0.660626	0.028637	0.0208278	0.668	0.02	0.02	36.5092	1.98	0	100	0	0	0	0	0
235At	85	235	0	0	0	100	0	6499.35	1000	3415.35	1000	-1292.65	1414.21	0	0	0.55165	0.546133	0.46	0.414	0	0	0	0	0.66633	0.0222838	0.0199935	0.668	0.02	0.02	54.6133	4.14	0	100	0	0	0	0	0
236At	85	236	0	0	0	100	0	8042.35	1000	3219.35	1000	505.347	1414.21	0	0	0.21679	0.214622	0.35	0.315	0	0	0	0	0.657482	0.0300138	0.0217364	0.668	0.02	0.02	21.4622	3.15	0	100	0	0	0	0	0
237At	85	237	0	0	0	100	0	7385.35	1000	4069.35	1000	139.347	1414.21	0	0	0.1536	0.152064	0.56	0.504	0	0	0	0	0.662921	0.0253463	0.0204832	0.668	0.02	0.02	15.2064	5.04	0	100	0	0	0	0	0
230Rn	86	230	0	0	0	100	0	2683	200	-1570	200	-7357.09	200.22	0	0	13.5524	13.4169	0	0	0	0	0	0	0.668	0.02	0.02	0.668	0.02	0.02	1341.69	0	0	100	0	0	0	0	0
231Rn	86	231	0	0	0	100	0	4469	300	-1009	300	-5261.31	300.141	0	0	4.74237	4.69495	0	0	0	0	0	0	0.668	0.02	0.02	0.668	0.02	0.02	469.495	0	0	100	0	0	0	0	0
232Rn	86	232	0	0	0	100	0	3689.35	1000	-413.653	1000	-4858.65	1414.21	0	0	5.54486	5.48941	0	0	0	0	0	0	0.668	0.02	0.02	0.668	0.02	0.02	548.941	0	0	100	0	0	0	0	0
233Rn	86	233	0	0	0	100	0	5246.35	1000	304.347	1000	-3050.65	1414.21	0	0	1.98134	1.96153	0	0	0	0	0	0	0.668	0.02	0.02	0.668	0.02	0.02	196.153	0	0	100	0	0	0	0	0
234Rn	86	234	0	0	0	100	0	4499.35	1000	618.347	1000	-3505.65	1414.21	0	0	2.29003	2.26713	0	0	0	0	0	0	0.668	0.02	0.02	0.668	0.02	0.02	226.713	0	0	100	0	0	0	0	0
235Rn	86	235	0	0	0	100	0	6076.35	1000	1415.35	1000	-1627.65	1414.21	0	0	0.66676	0.660092	0	0	0	0	0	0	0.663456	0.0232304	0.0203357	0.668	0.02	0.02	66.0092	0	0	100	0	0	0	0	0
236Rn	86	236	0	0	0	100	0	4862.35	1000	1253.35	1000	-3035.65	1414.21	0	0	1.09194	1.08102	0	0	0	0	0	0	0.668	0.02	0.02	0.668	0.02	0.02	108.102	0	0	100	0	0	0	0	0
237Rn	86	237	0	0	0	100	0	5886.35	1000	1546.35	1000	-2243.65	1414.21	0	0	0.72722	0.719948	0.01	0.009	0	0	0	0	0.664965	0.0231039	0.0200745	0.668	0.02	0.02	71.9948	0.09	0	100	0	0	0	0	0
238Rn	86	238	0	0	0	100	0	4923.35	1000	1350.35	1000	-2920.65	1414.21	0	0	0.52231	0.517087	0.03	0.027	0	0	0	0	0.668	0.02	0.02	0.668	0.02	0.02	51.7087	0.27	0	100	0	0	0	0	0
234Fr	87	234	0	0	0	100	0	6226.35	1000	813.347	1000	-2591.65	1414.21	0	0	1.51834	1.50316	0	0	0	0	0	0	0.665947	0.0225317	0.0199908	0.668	0.02	0.02	150.316	0	0	100	0	0	0	0	0
235Fr	87	235	0	0	0	100	0	5437.35	1000	1565.35	1000	-3097.65	1414.21	0	0	1.50644	1.49138	0.01	0.009	0	0	0	0	0.668	0.02	0.02	0.668	0.02	0.02	149.138	0.09	0	100	0	0	0	0	0
236Fr	87	236	0	0	0	100	0	6991.35	1000	1828.35	1000	-1270.65	1414.21	0	0	0.68654	0.679675	0.01	0.009	0	0	0	0	0.662944	0.0252321	0.0204851	0.668	0.02	0.02	67.9675	0.09	0	100	0	0	0	0	0
237Fr	87	237	0	0	0	100	0	6265.35	1000	2651.35	1000	-1675.65	1414.21	0	0	0.86735	0.858676	0.08	0.072	0	0	0	0	0.668	0.02	0.02	0.668	0.02	0.02	85.8676	0.72	0	100	0	0	0	0	0
238Fr	87	238	0	0	0	100	0	7549.35	1000	2692.35	1000	-354.653	1414.21	0	0	0.56568	0.560023	0.09	0.081	0	0	0	0	0.661167	0.0278033	0.0207327	0.668	0.02	0.02	56.0023	0.81	0	100	0	0	0	0	0
239Fr	87	239	0	0	0	100	0	6280.35	1000	2968.35	1000	-1865.65	1414.21	0	0	0.49075	0.485843	0.23	0.207	0	0	0	0	0.66677	0.0211047	0.0200191	0.668	0.02	0.02	48.5842	2.07	0	100	0	0	0	0	0
235Ra	88	235	0	0	0	100	0	3773	300	-1783	300	-6320.51	300.608	0	0	7.82696	7.74869	0	0	0	0	0	0	0.668	0.02	0.02	0.668	0.02	0.02	774.869	0	0	100	0	0	0	0	0
236Ra	88	236	0	0	0	100	0	3098.35	1000	-1239.65	1000	-5930.65	1414.21	0	0	17.5303	17.355	0	0	0	0	0	0	0.668	0.02	0.02	0.668	0.02	0.02	1735.5	0	0	100	0	0	0	0	0
237Ra	88	237	0	0	0	100	0	4660.35	1000	-515.653	1000	-4110.65	1414.21	0	0	2.28835	2.26547	0	0	0	0	0	0	0.668	0.02	0.02	0.668	0.02	0.02	226.547	0	0	100	0	0	0	0	0
238Ra	88	238	0	0	0	100	0	3888.35	1000	-196.653	1000	-4575.65	1414.21	0	0	4.89017	4.84127	0	0	0	0	0	0	0.668	0.02	0.02	0.668	0.02	0.02	484.127	0	0	100	0	0	0	0	0
239Ra	88	239	0	0	0	100	0	5455.35	1000	576.347	1000	-2704.65	1414.21	0	0	2.99742	2.96745	0	0	0	0	0	0	0.666397	0.0221562	0.0199922	0.668	0.02	0.02	296.745	0	0	100	0	0	0	0	0
240Ra	88	240	0	0	0	100	0	4628.35	1000	826.347	1000	-3303.65	1414.21	0	0	1.90427	1.88523	0	0	0	0	0	0	0.668	0.02	0.02	0.668	0.02	0.02	188.523	0	0	100	0	0	0	0	0
237Ac	89	237	0	0	0	100	0	4065	400	-306	400	-6140.29	400.526	0	0	16.2685	16.1058	0	0	0	0	0	0	0.668	0.02	0.02	0.668	0.02	0.02	1610.58	0	0	100	0	0	0	0	0
238Ac	89	238	0	0	0	100	0	5622.35	1000	-16.653	1000	-3632.65	1414.21	0	0	4.16082	4.11921	0	0	0	0	0	0	0.668	0.02	0.02	0.668	0.02	0.02	411.921	0	0	100	0	0	0	0	0
239Ac	89	239	0	0	0	100	0	4826.35	1000	743.347	1000	-4130.65	1414.21	0	0	9.28314	9.19031	0	0	0	0	0	0	0.668	0.02	0.02	0.668	0.02	0.02	919.031	0	0	100	0	0	0	0	0
240Ac	89	240	0	0	0	100	0	6376.35	1000	1024.35	1000	-2297.65	1414.21	0	0	6.51138	6.44627	0.01	0.009	0	0	0	0	0.664899	0.0231536	0.0200811	0.668	0.02	0.02	644.627	0.09	0	100	0	0	0	0	0
241Ac	89	241	0	0	0	100	0	5620.35	1000	1816.35	1000	-2734.65	1414.21	0	0	3.54619	3.51073	0.05	0.045	0	0	0	0	0.668	0.02	0.02	0.668	0.02	0.02	351.073	0.45	0	100	0	0	0	0	0
239Th	90	239	0	0	0	100	0	3162	445	-2466	400	-7171	486.252	0	0	12.3888	12.265	0	0	0	0	0	0	0.668	0.02	0.02	0.668	0.02	0.02	1226.5	0	0	100	0	0	0	0	0
240Th	90	240	0	0	0	100	0	2479.35	1000	-2067.65	1000	-6949.65	1414.21	0	0	45.8223	45.3641	0	0	0	0	0	0	0.668	0.02	0.02	0.668	0.02	0.02	4536.41	0	0	100	0	0	0	0	0
241Th	90	241	0	0	0	100	0	4043.35	1000	-1324.65	1000	-5104.65	1414.21	0	0	23.7046	23.4675	0	0	0	0	0	0	0.668	0.02	0.02	0.668	0.02	0.02	2346.75	0	0	100	0	0	0	0	0
242Th	90	242	0	0	0	100	0	3268.35	1000	-1004.65	1000	-5575.65	1414.21	0	0	10.3274	10.2241	0	0	0	0	0	0	0.668	0.02	0.02	0.668	0.02	0.02	1022.41	0	0	100	0	0	0	0	0
240Pa	91	240	0	0	0	100	0	4295	200	-1634	200	-6439.87	200.02	0	0	23.1444	22.913	0	0	0	0	0	0	0.668	0.02	0.02	0.668	0.02	0.02	2291.3	0	0	100	0	0	0	0	0
241Pa	91	241	0	0	0	100	0	3543	358	-1046	300	-6975	408.142	0	0	83.9783	83.1385	0	0	0	0	0	0	0.668	0.02	0.02	0.668	0.02	0.02	8313.85	0	0	100	0	0	0	0	0
242Pa	91	242	0	0	0	100	0	4949.35	1000	-881.653	1000	-4684.65	1414.21	0	0	6.60381	6.53777	0	0	0	0	0	0	0.668	0.02	0.02	0.668	0.02	0.02	653.777	0	0	100	0	0	0	0	0
243Pa	91	243	0	0	0	100	0	4175.35	1000	-103.653	1000	-5142.65	1414.21	0	0	4.16877	4.12708	0	0	0	0	0	0	0.668	0.02	0.02	0.668	0.02	0.02	412.708	0	0	100	0	0	0	0	0
241U	92	241	0	0	0	100	0	1882	220	-4191	196	-9256.53	241.663	0	0	104.672	103.625	0	0	0	0	0	0	0.668	0.02	0.02	0.668	0.02	0.02	10362.5	0	0	100	0	0	0	0	0
243U	92	243	0	0	0	100	0	2674	302	-3008	361	-7978	319.733	0	0	425.367	421.113	0	0	0	0	0	0	0.668	0.02	0.02	0.668	0.02	0.02	42111.3	0	0	100	0	0	0	0	0
