0.000000000000000000e+00 6.654999999999999805e-01
1.000000000000000056e-01 6.672000000000000153e-01
2.000000000000000111e-01 6.679000000000000492e-01
2.999999999999999889e-01 6.667999999999999483e-01
4.000000000000000222e-01 6.663000000000000034e-01
5.000000000000000000e-01 6.635999999999999677e-01
5.999999999999999778e-01 6.627999999999999448e-01
6.999999999999999556e-01 6.606999999999999540e-01
8.000000000000000444e-01 6.574999999999999734e-01
9.000000000000000222e-01 6.559000000000000385e-01
1.000000000000000000e+00 6.522999999999999909e-01
1.100000000000000089e+00 6.513999999999999790e-01
1.199999999999999956e+00 6.479000000000000314e-01
1.300000000000000044e+00 6.438000000000000389e-01
1.399999999999999911e+00 6.415999999999999481e-01
1.500000000000000000e+00 6.378000000000000336e-01
1.600000000000000089e+00 6.359000000000000208e-01
1.699999999999999956e+00 6.330000000000000071e-01
1.800000000000000044e+00 6.280000000000000027e-01
1.899999999999999911e+00 6.248000000000000220e-01
2.000000000000000000e+00 6.232999999999999652e-01
2.100000000000000089e+00 6.191999999999999726e-01
2.200000000000000178e+00 6.156000000000000361e-01
2.299999999999999822e+00 6.135000000000000453e-01
2.399999999999999911e+00 6.109999999999999876e-01
2.500000000000000000e+00 6.078999999999999959e-01
2.600000000000000089e+00 6.042999999999999483e-01
2.700000000000000178e+00 6.044000000000000483e-01
2.799999999999999822e+00 6.039999999999999813e-01
2.899999999999999911e+00 6.027000000000000135e-01
3.000000000000000000e+00 5.923000000000000487e-01
3.100000000000000089e+00 5.947000000000000064e-01
3.200000000000000178e+00 5.936000000000000165e-01
3.299999999999999822e+00 5.935000000000000275e-01
3.399999999999999911e+00 5.926000000000000156e-01
3.500000000000000000e+00 5.910999999999999588e-01
3.600000000000000089e+00 5.876000000000000112e-01
3.700000000000000178e+00 5.829999999999999627e-01
3.799999999999999822e+00 5.806999999999999940e-01
3.899999999999999911e+00 5.762000000000000455e-01
4.000000000000000000e+00 5.735000000000000098e-01
4.099999999999999645e+00 5.691000000000000503e-01
4.200000000000000178e+00 5.631000000000000449e-01
4.299999999999999822e+00 5.576999999999999735e-01
4.400000000000000355e+00 5.524999999999999911e-01
4.500000000000000000e+00 5.493999999999999995e-01
4.599999999999999645e+00 5.449000000000000510e-01
4.700000000000000178e+00 5.409000000000000474e-01
4.799999999999999822e+00 5.377999999999999448e-01
4.900000000000000355e+00 5.353999999999999870e-01
5.000000000000000000e+00 5.304999999999999716e-01
5.099999999999999645e+00 5.272999999999999909e-01
5.200000000000000178e+00 5.241000000000000103e-01
5.299999999999999822e+00 5.219000000000000306e-01
5.400000000000000355e+00 5.202999999999999847e-01
5.500000000000000000e+00 5.150000000000000133e-01
5.599999999999999645e+00 5.145999999999999464e-01
5.700000000000000178e+00 5.112999999999999767e-01
5.799999999999999822e+00 5.113999999999999657e-01
5.900000000000000355e+00 5.090000000000000080e-01
6.000000000000000000e+00 5.063999999999999613e-01
6.099999999999999645e+00 5.050999999999999934e-01
6.200000000000000178e+00 5.112999999999999767e-01
6.299999999999999822e+00 5.084999999999999520e-01
6.400000000000000355e+00 4.934000000000000052e-01
6.500000000000000000e+00 4.859999999999999876e-01
6.599999999999999645e+00 4.822000000000000175e-01
6.700000000000000178e+00 4.801000000000000267e-01
6.799999999999999822e+00 4.768999999999999906e-01
6.900000000000000355e+00 4.729999999999999760e-01
7.000000000000000000e+00 4.687999999999999945e-01
7.099999999999999645e+00 4.665000000000000258e-01
7.200000000000000178e+00 4.638999999999999790e-01
7.299999999999999822e+00 4.673999999999999821e-01
7.400000000000000355e+00 4.756000000000000227e-01
7.500000000000000000e+00 4.737000000000000099e-01
7.599999999999999645e+00 4.712999999999999967e-01
7.700000000000000178e+00 4.728999999999999870e-01
7.799999999999999822e+00 4.655000000000000249e-01
7.900000000000000355e+00 4.590000000000000191e-01
8.000000000000000000e+00 4.549000000000000266e-01
8.099999999999999645e+00 4.524000000000000243e-01
8.199999999999999289e+00 4.419000000000000150e-01
8.300000000000000711e+00 4.360999999999999877e-01
8.400000000000000355e+00 4.309000000000000052e-01
8.500000000000000000e+00 4.304000000000000048e-01
8.599999999999999645e+00 4.287000000000000255e-01
8.699999999999999289e+00 4.282000000000000250e-01
8.800000000000000711e+00 4.264999999999999902e-01
8.900000000000000355e+00 4.193999999999999950e-01
9.000000000000000000e+00 4.139999999999999791e-01
9.099999999999999645e+00 4.099999999999999756e-01
9.199999999999999289e+00 4.057999999999999940e-01
9.300000000000000711e+00 4.020000000000000240e-01
9.400000000000000355e+00 4.022999999999999909e-01
9.500000000000000000e+00 4.015000000000000235e-01
9.599999999999999645e+00 4.000000000000000222e-01
9.699999999999999289e+00 3.961999999999999966e-01
9.800000000000000711e+00 3.946999999999999953e-01
9.900000000000000355e+00 3.911000000000000032e-01
1.000000000000000000e+01 3.901000000000000023e-01
1.009999999999999964e+01 3.895000000000000129e-01
1.019999999999999929e+01 3.910000000000000142e-01
1.030000000000000071e+01 3.901000000000000023e-01
1.040000000000000036e+01 3.916999999999999926e-01
1.050000000000000000e+01 3.937999999999999834e-01
1.059999999999999964e+01 3.961999999999999966e-01
1.069999999999999929e+01 3.943999999999999728e-01
1.080000000000000071e+01 3.951000000000000068e-01
1.090000000000000036e+01 3.929000000000000270e-01
1.100000000000000000e+01 3.925000000000000155e-01
1.109999999999999964e+01 3.911000000000000032e-01
1.119999999999999929e+01 3.876999999999999891e-01
1.130000000000000071e+01 3.875000000000000111e-01
1.140000000000000036e+01 3.847999999999999754e-01
1.150000000000000000e+01 3.842999999999999750e-01
1.159999999999999964e+01 3.831999999999999851e-01
1.169999999999999929e+01 3.850999999999999979e-01
1.180000000000000071e+01 3.835999999999999965e-01
1.190000000000000036e+01 3.826999999999999846e-01
1.200000000000000000e+01 3.811999999999999833e-01
1.209999999999999964e+01 3.820999999999999952e-01
1.219999999999999929e+01 3.827999999999999736e-01
1.230000000000000071e+01 3.810000000000000053e-01
1.240000000000000036e+01 3.826999999999999846e-01
1.250000000000000000e+01 3.820000000000000062e-01
1.259999999999999964e+01 3.816999999999999837e-01
1.269999999999999929e+01 3.825000000000000067e-01
1.280000000000000071e+01 3.822999999999999732e-01
1.290000000000000036e+01 3.819000000000000172e-01
1.300000000000000000e+01 3.812999999999999723e-01
1.309999999999999964e+01 3.808000000000000274e-01
1.319999999999999929e+01 3.805999999999999939e-01
1.330000000000000071e+01 3.816999999999999837e-01
1.340000000000000036e+01 3.834000000000000186e-01
1.350000000000000000e+01 3.830000000000000071e-01
1.359999999999999964e+01 3.840000000000000080e-01
1.369999999999999929e+01 3.834000000000000186e-01
1.380000000000000071e+01 3.830000000000000071e-01
1.390000000000000036e+01 3.835999999999999965e-01
1.400000000000000000e+01 3.800999999999999934e-01
1.409999999999999964e+01 3.800999999999999934e-01
1.419999999999999929e+01 3.795999999999999930e-01
1.430000000000000071e+01 3.779000000000000137e-01
1.440000000000000036e+01 3.805000000000000049e-01
1.450000000000000000e+01 3.804000000000000159e-01
1.459999999999999964e+01 3.771999999999999797e-01
1.469999999999999929e+01 3.780000000000000027e-01
1.480000000000000071e+01 3.788000000000000256e-01
1.490000000000000036e+01 3.771999999999999797e-01
1.500000000000000000e+01 3.774000000000000132e-01
1.509999999999999964e+01 3.770000000000000018e-01
1.519999999999999929e+01 3.764000000000000123e-01
1.530000000000000071e+01 3.740999999999999881e-01
1.540000000000000036e+01 3.733000000000000207e-01
1.550000000000000000e+01 3.715999999999999859e-01
1.559999999999999964e+01 3.733000000000000207e-01
1.569999999999999929e+01 3.714000000000000079e-01
1.580000000000000071e+01 3.714999999999999969e-01
1.590000000000000036e+01 3.713000000000000189e-01
1.600000000000000000e+01 3.684999999999999942e-01
1.610000000000000142e+01 3.670999999999999819e-01
1.619999999999999929e+01 3.659999999999999920e-01
1.630000000000000071e+01 3.645999999999999797e-01
1.639999999999999858e+01 3.653000000000000136e-01
1.650000000000000000e+01 3.627000000000000224e-01
1.660000000000000142e+01 3.622000000000000219e-01
1.669999999999999929e+01 3.610999999999999766e-01
1.680000000000000071e+01 3.593999999999999972e-01
1.689999999999999858e+01 3.578000000000000069e-01
1.700000000000000000e+01 3.563999999999999946e-01
1.710000000000000142e+01 3.553999999999999937e-01
1.719999999999999929e+01 3.567000000000000171e-01
1.730000000000000071e+01 3.547000000000000153e-01
1.739999999999999858e+01 3.532000000000000139e-01
1.750000000000000000e+01 3.519999999999999796e-01
1.760000000000000142e+01 3.514999999999999791e-01
1.769999999999999929e+01 3.517000000000000126e-01
1.780000000000000071e+01 3.506000000000000227e-01
1.789999999999999858e+01 3.497000000000000108e-01
1.800000000000000000e+01 3.482999999999999985e-01
1.810000000000000142e+01 3.484999999999999765e-01
1.819999999999999929e+01 3.474999999999999756e-01
1.830000000000000071e+01 3.467999999999999972e-01
1.839999999999999858e+01 3.461000000000000187e-01
1.850000000000000000e+01 3.453999999999999848e-01
1.860000000000000142e+01 3.441000000000000170e-01
1.869999999999999929e+01 3.436000000000000165e-01
1.880000000000000071e+01 3.431000000000000161e-01
1.889999999999999858e+01 3.411000000000000143e-01
1.900000000000000000e+01 3.412000000000000033e-01
1.910000000000000142e+01 3.412000000000000033e-01
1.919999999999999929e+01 3.392000000000000015e-01
1.930000000000000071e+01 3.387000000000000011e-01
1.939999999999999858e+01 3.372999999999999887e-01
1.950000000000000000e+01 3.382999999999999896e-01
1.960000000000000142e+01 3.368999999999999773e-01
1.969999999999999929e+01 3.362999999999999878e-01
1.980000000000000071e+01 3.362999999999999878e-01
1.989999999999999858e+01 3.212999999999999745e-01
